
-------------------------------------------------------------------------------------------------------
                                --- Method Parameters ---                                            
-------------------------------------------------------------------------------------------------------

method: PyGAD, sim_duration: 15, fitness_func: pygad_fitness, pop_size: 100, gen_size: 10, weight_search: 0.5, 

-------------------------------------------------------------------------------------------------------
                                --- Pygad  Parameters ---                                            
-------------------------------------------------------------------------------------------------------

parent_selection_type: sss, parents mating: 50, keep parents: 6, crossover type: uniform, 
mutation type: random, mutation prob: 0.5, mutation_max_val: 0.01, mutation_min_val: -0.01, 

=======================================================================================================


Generation: 1 
 - Generation Avg Fit: 7.308963157529895 
 - Best Fitness: 60.035276644884576
 - Best Solution: array([-0.41795689,  0.42241296, -0.35211169, -0.28381942,  0.30591539,
       -0.26997632,  0.21821931,  0.24522051, -0.05946061,  0.21012825,
       -0.11340019, -0.14146288,  0.0460516 , -0.0267816 ,  0.40716259,
       -0.22538253,  0.29116463, -0.09075097,  0.47861064,  0.19703898,
        0.27772482,  0.17057499,  0.17733579,  0.31621456,  0.10908894,
       -0.05010058,  0.4444163 ,  0.24692296,  0.46522528, -0.10472459,
        0.08500505, -0.46112066,  0.43028657, -0.15816412,  0.00363112,
       -0.22862424]) 

Generation: 2 
 - Generation Avg Fit: 7.68893718669051 
 - Best Fitness: 350.50343640149754
 - Best Solution: array([ 0.26464369, -0.13888123, -0.4966466 ,  0.14680064,  0.10995252,
       -0.4791615 ,  0.22543148,  0.29673954,  0.27456666,  0.0019056 ,
       -0.02352004, -0.16383139,  0.44572589,  0.15125114,  0.12270445,
        0.23608383, -0.14464199,  0.01276045,  0.21775858, -0.41729467,
       -0.16233837,  0.17911   ,  0.35181613,  0.47890564,  0.2238786 ,
        0.13087408,  0.08967999,  0.27383116,  0.02615911, -0.38770578,
       -0.04380034, -0.40060928, -0.26762863,  0.16472093, -0.35041787,
       -0.4397554 ]) 

Generation: 3 
 - Generation Avg Fit: 7.993047842816502 
 - Best Fitness: 350.50343640149754
 - Best Solution: array([ 0.26464369, -0.13888123, -0.4966466 ,  0.14680064,  0.10995252,
       -0.4791615 ,  0.22543148,  0.29673954,  0.27456666,  0.0019056 ,
       -0.02352004, -0.16383139,  0.44572589,  0.15125114,  0.12270445,
        0.23608383, -0.14464199,  0.01276045,  0.21775858, -0.41729467,
       -0.16233837,  0.17911   ,  0.35181613,  0.47890564,  0.2238786 ,
        0.13087408,  0.08967999,  0.27383116,  0.02615911, -0.38770578,
       -0.04380034, -0.40060928, -0.26762863,  0.16472093, -0.35041787,
       -0.4397554 ]) 

Generation: 4 
 - Generation Avg Fit: 8.476036855052676 
 - Best Fitness: 350.50343640149754
 - Best Solution: array([ 0.26464369, -0.13888123, -0.4966466 ,  0.14680064,  0.10995252,
       -0.4791615 ,  0.22543148,  0.29673954,  0.27456666,  0.0019056 ,
       -0.02352004, -0.16383139,  0.44572589,  0.15125114,  0.12270445,
        0.23608383, -0.14464199,  0.01276045,  0.21775858, -0.41729467,
       -0.16233837,  0.17911   ,  0.35181613,  0.47890564,  0.2238786 ,
        0.13087408,  0.08967999,  0.27383116,  0.02615911, -0.38770578,
       -0.04380034, -0.40060928, -0.26762863,  0.16472093, -0.35041787,
       -0.4397554 ]) 

Generation: 5 
 - Generation Avg Fit: 8.51834758441016 
 - Best Fitness: 350.50343640149754
 - Best Solution: array([ 0.26464369, -0.13888123, -0.4966466 ,  0.14680064,  0.10995252,
       -0.4791615 ,  0.22543148,  0.29673954,  0.27456666,  0.0019056 ,
       -0.02352004, -0.16383139,  0.44572589,  0.15125114,  0.12270445,
        0.23608383, -0.14464199,  0.01276045,  0.21775858, -0.41729467,
       -0.16233837,  0.17911   ,  0.35181613,  0.47890564,  0.2238786 ,
        0.13087408,  0.08967999,  0.27383116,  0.02615911, -0.38770578,
       -0.04380034, -0.40060928, -0.26762863,  0.16472093, -0.35041787,
       -0.4397554 ]) 

Generation: 6 
 - Generation Avg Fit: 8.316072113747685 
 - Best Fitness: 350.50343640149754
 - Best Solution: array([ 0.26464369, -0.13888123, -0.4966466 ,  0.14680064,  0.10995252,
       -0.4791615 ,  0.22543148,  0.29673954,  0.27456666,  0.0019056 ,
       -0.02352004, -0.16383139,  0.44572589,  0.15125114,  0.12270445,
        0.23608383, -0.14464199,  0.01276045,  0.21775858, -0.41729467,
       -0.16233837,  0.17911   ,  0.35181613,  0.47890564,  0.2238786 ,
        0.13087408,  0.08967999,  0.27383116,  0.02615911, -0.38770578,
       -0.04380034, -0.40060928, -0.26762863,  0.16472093, -0.35041787,
       -0.4397554 ]) 

Generation: 7 
 - Generation Avg Fit: 8.042527654732634 
 - Best Fitness: 350.50343640149754
 - Best Solution: array([ 0.26464369, -0.13888123, -0.4966466 ,  0.14680064,  0.10995252,
       -0.4791615 ,  0.22543148,  0.29673954,  0.27456666,  0.0019056 ,
       -0.02352004, -0.16383139,  0.44572589,  0.15125114,  0.12270445,
        0.23608383, -0.14464199,  0.01276045,  0.21775858, -0.41729467,
       -0.16233837,  0.17911   ,  0.35181613,  0.47890564,  0.2238786 ,
        0.13087408,  0.08967999,  0.27383116,  0.02615911, -0.38770578,
       -0.04380034, -0.40060928, -0.26762863,  0.16472093, -0.35041787,
       -0.4397554 ]) 

Generation: 8 
 - Generation Avg Fit: 9.17593319913072 
 - Best Fitness: 350.50343640149754
 - Best Solution: array([ 0.26464369, -0.13888123, -0.4966466 ,  0.14680064,  0.10995252,
       -0.4791615 ,  0.22543148,  0.29673954,  0.27456666,  0.0019056 ,
       -0.02352004, -0.16383139,  0.44572589,  0.15125114,  0.12270445,
        0.23608383, -0.14464199,  0.01276045,  0.21775858, -0.41729467,
       -0.16233837,  0.17911   ,  0.35181613,  0.47890564,  0.2238786 ,
        0.13087408,  0.08967999,  0.27383116,  0.02615911, -0.38770578,
       -0.04380034, -0.40060928, -0.26762863,  0.16472093, -0.35041787,
       -0.4397554 ]) 

Generation: 9 
 - Generation Avg Fit: 8.14711020113685 
 - Best Fitness: 350.50343640149754
 - Best Solution: array([ 0.26464369, -0.13888123, -0.4966466 ,  0.14680064,  0.10995252,
       -0.4791615 ,  0.22543148,  0.29673954,  0.27456666,  0.0019056 ,
       -0.02352004, -0.16383139,  0.44572589,  0.15125114,  0.12270445,
        0.23608383, -0.14464199,  0.01276045,  0.21775858, -0.41729467,
       -0.16233837,  0.17911   ,  0.35181613,  0.47890564,  0.2238786 ,
        0.13087408,  0.08967999,  0.27383116,  0.02615911, -0.38770578,
       -0.04380034, -0.40060928, -0.26762863,  0.16472093, -0.35041787,
       -0.4397554 ]) 

Generation: 10 
 - Generation Avg Fit: 8.131296852486678 
 - Best Fitness: 350.50343640149754
 - Best Solution: array([ 0.26464369, -0.13888123, -0.4966466 ,  0.14680064,  0.10995252,
       -0.4791615 ,  0.22543148,  0.29673954,  0.27456666,  0.0019056 ,
       -0.02352004, -0.16383139,  0.44572589,  0.15125114,  0.12270445,
        0.23608383, -0.14464199,  0.01276045,  0.21775858, -0.41729467,
       -0.16233837,  0.17911   ,  0.35181613,  0.47890564,  0.2238786 ,
        0.13087408,  0.08967999,  0.27383116,  0.02615911, -0.38770578,
       -0.04380034, -0.40060928, -0.26762863,  0.16472093, -0.35041787,
       -0.4397554 ]) 
