
-------------------------------------------------------------------------------------------------------
                                --- Method Parameters ---                                            
-------------------------------------------------------------------------------------------------------

method: Microbial, sim_duration: 25, fitness_func: Fitness_Day3, pop_size: 100, gen_size: 2000, weight_search: 0.1, 

=======================================================================================================

Gen: 0 Fitness: 144.58283976280347 Weights: array([[-0.06818526,  0.08403284,  0.02162549,  0.02658114, -0.05621027,
         0.08457251],
       [-0.02664475, -0.06585038, -0.09028702,  0.061489  , -0.04585518,
        -0.05250929],
       [-0.0162388 ,  0.0597061 , -0.05819597,  0.05794697,  0.02592491,
         0.07499791],
       [-0.04762018, -0.00941937,  0.00346977, -0.08987913, -0.0543012 ,
         0.06486708],
       [ 0.07719435, -0.05364297,  0.0725942 ,  0.03161214, -0.07601888,
         0.04644171],
       [-0.09484958,  0.01453825, -0.09051019, -0.07598072,  0.01422282,
         0.06508265]]) 

Gen: 8 Fitness: 149.42287858887588 Weights: array([[-0.06859723,  0.03019961, -0.01118   ,  0.02282283, -0.01425638,
         0.07650392],
       [ 0.02222817,  0.03414914, -0.02696025, -0.01363132,  0.07481185,
        -0.00799397],
       [-0.04152867,  0.07086685, -0.01836789,  0.09036055, -0.08804696,
         0.06706772],
       [ 0.10464859, -0.03576713,  0.0127956 ,  0.02630782, -0.03259132,
         0.03401665],
       [-0.00700903, -0.03739702, -0.0333127 ,  0.04088743,  0.01648863,
         0.1000406 ],
       [ 0.02205593, -0.11187901,  0.05840419,  0.03281757,  0.00269542,
        -0.01183061]]) 

Gen: 28 Fitness: 159.49760262689688 Weights: array([[ 0.09273628,  0.10282518, -0.04980266,  0.07821395,  0.10893526,
        -0.00419375],
       [ 0.02256885, -0.06882601,  0.05195555, -0.01587692, -0.0678191 ,
         0.04234521],
       [-0.06152867,  0.05086685, -0.03836789,  0.07036055, -0.10804696,
         0.04706772],
       [ 0.06464859, -0.07576713, -0.0272044 , -0.01369218, -0.07259132,
        -0.00598335],
       [-0.03485286,  0.04227406,  0.00849123,  0.06320383, -0.08379111,
        -0.0281781 ],
       [ 0.07976412, -0.02799253, -0.05567287,  0.01393943,  0.00630196,
        -0.00286162]]) 

Gen: 30 Fitness: 179.56369577760475 Weights: array([[ 0.09246716,  0.09233631, -0.00316546,  0.05123027, -0.09445097,
        -0.03635419],
       [ 0.01222817,  0.02414914, -0.03696025, -0.02363132,  0.06481185,
        -0.01799397],
       [-0.04152867,  0.07086685, -0.01836789,  0.09036055, -0.08804696,
         0.06706772],
       [-0.0058002 ,  0.05798465, -0.13412766, -0.0028741 , -0.0809385 ,
        -0.01068341],
       [-0.01485286,  0.06227406,  0.02849123,  0.08320383, -0.06379111,
        -0.0081781 ],
       [ 0.08976412, -0.01799253, -0.04567287,  0.02393943,  0.01630196,
         0.00713838]]) 

Gen: 35 Fitness: 193.15295709547595 Weights: array([[-0.04859723,  0.05019961,  0.00882   ,  0.04282283,  0.00574362,
         0.09650392],
       [ 0.0139949 ,  0.0405416 ,  0.0846446 ,  0.05007765,  0.01845138,
         0.00903133],
       [-0.05152867,  0.06086685, -0.02836789,  0.08036055, -0.09804696,
         0.05706772],
       [-0.0158002 ,  0.04798465, -0.14412766, -0.0128741 , -0.0909385 ,
        -0.02068341],
       [ 0.01516754, -0.0627137 , -0.00040811,  0.05552862, -0.05966534,
         0.04046778],
       [ 0.03205593, -0.10187901,  0.06840419,  0.04281757,  0.01269542,
        -0.00183061]]) 

Gen: 45 Fitness: 202.36360941655226 Weights: array([[ 0.06246716,  0.06233631, -0.03316546,  0.02123027, -0.12445097,
        -0.06635419],
       [ 0.03370172, -0.03524152,  0.0613755 ,  0.04380803, -0.04598503,
        -0.10697049],
       [-0.06152867,  0.05086685, -0.03836789,  0.07036055, -0.10804696,
         0.04706772],
       [ 0.10464859, -0.03576713,  0.0127956 ,  0.02630782, -0.03259132,
         0.03401665],
       [ 0.03516754, -0.0427137 ,  0.01959189,  0.07552862, -0.03966534,
         0.06046778],
       [ 0.10383357,  0.10786568, -0.01796758,  0.06626524, -0.05448671,
         0.02606706]]) 

Gen: 48 Fitness: 220.51995684609136 Weights: array([[ 0.08246716,  0.08233631, -0.01316546,  0.04123027, -0.10445097,
        -0.04635419],
       [-0.02895289, -0.02505429,  0.07425718, -0.06053149, -0.05598039,
         0.11398291],
       [-0.03152867,  0.08086685, -0.00836789,  0.10036055, -0.07804696,
         0.07706772],
       [-0.03762018,  0.00058063,  0.01346977, -0.07987913, -0.0443012 ,
         0.07486708],
       [-0.02485286,  0.05227406,  0.01849123,  0.07320383, -0.07379111,
        -0.0181781 ],
       [ 0.08976412, -0.01799253, -0.04567287,  0.02393943,  0.01630196,
         0.00713838]]) 

Gen: 49 Fitness: 232.69125685069199 Weights: array([[ 0.10246716,  0.10233631,  0.00683454,  0.06123027, -0.08445097,
        -0.02635419],
       [ 0.0439949 ,  0.0705416 ,  0.1146446 ,  0.08007765,  0.04845138,
         0.03903133],
       [-0.05152867,  0.06086685, -0.02836789,  0.08036055, -0.09804696,
         0.05706772],
       [ 0.12464859, -0.01576713,  0.0327956 ,  0.04630782, -0.01259132,
         0.05401665],
       [-0.04485286,  0.03227406, -0.00150877,  0.05320383, -0.09379111,
        -0.0381781 ],
       [ 0.01289916,  0.11903585,  0.04010358,  0.06897031,  0.08411146,
         0.10374204]]) 

Gen: 50 Fitness: 233.47839904481478 Weights: array([[ 0.09246716,  0.09233631, -0.00316546,  0.05123027, -0.09445097,
        -0.03635419],
       [ 0.0439949 ,  0.0705416 ,  0.1146446 ,  0.08007765,  0.04845138,
         0.03903133],
       [-0.03152867,  0.08086685, -0.00836789,  0.10036055, -0.07804696,
         0.07706772],
       [ 0.09464859, -0.04576713,  0.0027956 ,  0.01630782, -0.04259132,
         0.02401665],
       [-0.05485286,  0.02227406, -0.01150877,  0.04320383, -0.10379111,
        -0.0481781 ],
       [ 0.03289916,  0.13903585,  0.06010358,  0.08897031,  0.10411146,
         0.12374204]]) 

Gen: 55 Fitness: 256.81797091226224 Weights: array([[ 0.08246716,  0.08233631, -0.01316546,  0.04123027, -0.10445097,
        -0.04635419],
       [ 0.05370172, -0.01524152,  0.0813755 ,  0.06380803, -0.02598503,
        -0.08697049],
       [-0.02152867,  0.09086685,  0.00163211,  0.11036055, -0.06804696,
         0.08706772],
       [ 0.02785385, -0.05642358, -0.080801  ,  0.05424635, -0.03703947,
         0.01196837],
       [-0.03485286,  0.04227406,  0.00849123,  0.06320383, -0.08379111,
        -0.0281781 ],
       [ 0.13383357,  0.13786568,  0.01203242,  0.09626524, -0.02448671,
         0.05606706]]) 

Gen: 69 Fitness: 282.12630167645347 Weights: array([[ 0.07246716,  0.07233631, -0.02316546,  0.03123027, -0.11445097,
        -0.05635419],
       [ 0.09370172,  0.02475848,  0.1213755 ,  0.10380803,  0.01401497,
        -0.04697049],
       [-0.06152867,  0.05086685, -0.03836789,  0.07036055, -0.10804696,
         0.04706772],
       [ 0.13464859, -0.00576713,  0.0427956 ,  0.05630782, -0.00259132,
         0.06401665],
       [-0.03508489,  0.07317177, -0.11415286, -0.02086833,  0.04972426,
         0.07917633],
       [ 0.06425532, -0.06157181,  0.11228382,  0.01689404,  0.05586197,
         0.10017543]]) 

Gen: 89 Fitness: 282.62881317980407 Weights: array([[ 0.07246716,  0.07233631, -0.02316546,  0.03123027, -0.11445097,
        -0.05635419],
       [ 0.08370172,  0.01475848,  0.1113755 ,  0.09380803,  0.00401497,
        -0.05697049],
       [-0.05152867,  0.06086685, -0.02836789,  0.08036055, -0.09804696,
         0.05706772],
       [-0.05910945, -0.06971616,  0.04948764,  0.01147329,  0.01173035,
         0.00572152],
       [-0.03485286,  0.04227406,  0.00849123,  0.06320383, -0.08379111,
        -0.0281781 ],
       [ 0.10976412,  0.00200747, -0.02567287,  0.04393943,  0.03630196,
         0.02713838]]) 

