
-------------------------------------------------------------------------------------------------------
                                --- Method Parameters ---                                            
-------------------------------------------------------------------------------------------------------

method: Microbial, sim_duration: 25, fitness_func: Fitness_Day3, pop_size: 100, gen_size: 2000, weight_search: 0.1, 

=======================================================================================================

Gen: 0 Fitness: 0.39606835203954915 Weights: array([[ 0.09423344, -0.01814335, -0.01744998,  0.03669122, -0.03604525,
        -0.06173428],
       [ 0.05890237, -0.00405106,  0.02477687,  0.08464876,  0.03854199,
         0.03933791],
       [-0.03308473,  0.01163235,  0.00448255,  0.00707957,  0.04964172,
         0.03199927],
       [ 0.09763276,  0.02010915,  0.0934176 ,  0.08608793, -0.07241236,
         0.08313158],
       [-0.07962613, -0.00178896,  0.00416839, -0.08209952,  0.03769933,
         0.01751763],
       [ 0.04334943,  0.08808144, -0.04726546, -0.0507943 ,  0.09476326,
        -0.06085743]]) 

Gen: 1 Fitness: 67.91125941672269 Weights: array([[-0.05243953, -0.05609687,  0.05245446,  0.09079792, -0.03967027,
         0.08656353],
       [-0.04611913,  0.03671673,  0.01575319, -0.01559935, -0.0891316 ,
         0.08223513],
       [ 0.08467365,  0.07401188, -0.0026257 ,  0.02275969, -0.0048977 ,
         0.07678517],
       [-0.03844379, -0.09900368, -0.03820026,  0.01744529, -0.01497279,
         0.08939753],
       [-0.04053288,  0.07515068, -0.03337022, -0.05084936, -0.0265055 ,
         0.09642319],
       [ 0.01639973, -0.09723489, -0.02879814, -0.04255962,  0.09509874,
         0.08529859]]) 

Gen: 2 Fitness: 85.29467429703931 Weights: array([[-6.24395327e-02, -6.60968745e-02,  4.24544642e-02,
         8.07979191e-02, -4.96702675e-02,  7.65635322e-02],
       [-4.61191310e-02,  3.67167341e-02,  1.57531867e-02,
        -1.55993503e-02, -8.91315953e-02,  8.22351259e-02],
       [ 9.85716835e-02,  7.39376285e-02,  1.27889663e-02,
         7.07208378e-03,  8.73166856e-02,  7.14882599e-02],
       [-4.84437942e-02, -1.09003679e-01, -4.82002627e-02,
         7.44528701e-03, -2.49727854e-02,  7.93975270e-02],
       [-4.05328785e-02,  7.51506803e-02, -3.33702218e-02,
        -5.08493584e-02, -2.65054976e-02,  9.64231898e-02],
       [ 1.81547444e-02, -9.40684210e-02,  2.66648515e-02,
         2.19720855e-02, -6.16330935e-02, -3.42911639e-05]]) 

Gen: 15 Fitness: 118.08160927222073 Weights: array([[-6.24395327e-02, -6.60968745e-02,  4.24544642e-02,
         8.07979191e-02, -4.96702675e-02,  7.65635322e-02],
       [-3.61191310e-02,  4.67167341e-02,  2.57531867e-02,
        -5.59935028e-03, -7.91315953e-02,  9.22351259e-02],
       [ 3.62033473e-02,  1.37532896e-01, -4.44770406e-02,
        -4.38208450e-02,  3.13209135e-02,  1.29063753e-03],
       [-3.84437942e-02, -9.90036786e-02, -3.82002627e-02,
         1.74452870e-02, -1.49727854e-02,  8.93975270e-02],
       [-3.05328785e-02,  8.51506803e-02, -2.33702218e-02,
        -4.08493584e-02, -1.65054976e-02,  1.06423190e-01],
       [ 1.81547444e-02, -9.40684210e-02,  2.66648515e-02,
         2.19720855e-02, -6.16330935e-02, -3.42911639e-05]]) 

Gen: 18 Fitness: 129.04707778737654 Weights: array([[-0.06858645,  0.04763292, -0.13419506, -0.12941349,  0.02718304,
        -0.00786215],
       [-0.04611913,  0.03671673,  0.01575319, -0.01559935, -0.0891316 ,
         0.08223513],
       [ 0.08467365,  0.07401188, -0.0026257 ,  0.02275969, -0.0048977 ,
         0.07678517],
       [ 0.03930685,  0.08802846, -0.0317231 ,  0.08004404,  0.06126754,
         0.06612616],
       [ 0.0281054 ,  0.00142146, -0.0913149 ,  0.05795911, -0.10981124,
        -0.06414809],
       [ 0.02815474, -0.08406842,  0.03666485,  0.03197209, -0.05163309,
         0.00996571]]) 

Gen: 19 Fitness: 149.58243968075064 Weights: array([[-0.07243953, -0.07609687,  0.03245446,  0.07079792, -0.05967027,
         0.06656353],
       [-0.02317919,  0.08129561,  0.05653862,  0.06630225, -0.01838937,
         0.02913165],
       [ 0.07467365,  0.06401188, -0.0126257 ,  0.01275969, -0.0148977 ,
         0.06678517],
       [ 0.10763276,  0.03010915,  0.1034176 ,  0.09608793, -0.06241236,
         0.09313158],
       [-0.05053288,  0.06515068, -0.04337022, -0.06084936, -0.0365055 ,
         0.08642319],
       [ 0.00815474, -0.10406842,  0.01666485,  0.01197209, -0.07163309,
        -0.01003429]]) 

Gen: 21 Fitness: 153.52596760094886 Weights: array([[-0.06243953, -0.06609687,  0.04245446,  0.08079792, -0.04967027,
         0.07656353],
       [-0.04611913,  0.03671673,  0.01575319, -0.01559935, -0.0891316 ,
         0.08223513],
       [ 0.07467365,  0.06401188, -0.0126257 ,  0.01275969, -0.0148977 ,
         0.06678517],
       [ 0.06215066, -0.07217581,  0.00601099,  0.0512636 , -0.01393917,
         0.01833465],
       [-0.04053288,  0.07515068, -0.03337022, -0.05084936, -0.0265055 ,
         0.09642319],
       [-0.02032515,  0.04981119, -0.04993559,  0.0881634 , -0.04530873,
        -0.00956329]]) 

Gen: 24 Fitness: 178.07638966958353 Weights: array([[-0.02962719, -0.01718116, -0.06214339, -0.08996816, -0.09562773,
        -0.1096421 ],
       [-0.00146077,  0.08332875,  0.01803349,  0.08483099, -0.02735898,
         0.02608035],
       [ 0.03118012,  0.10241778,  0.07118434,  0.02906269, -0.01110595,
         0.10965719],
       [-0.00844379, -0.06900368, -0.00820026,  0.04744529,  0.01502721,
         0.11939753],
       [ 0.0381054 ,  0.01142146, -0.0813149 ,  0.06795911, -0.09981124,
        -0.05414809],
       [ 0.07670784,  0.09528713, -0.03963361,  0.02699734,  0.08269892,
         0.08165557]]) 

Gen: 32 Fitness: 215.47565763141725 Weights: array([[-0.08416038,  0.01213919,  0.00337736,  0.03538377, -0.07721929,
        -0.06335521],
       [-0.04611913,  0.03671673,  0.01575319, -0.01559935, -0.0891316 ,
         0.08223513],
       [ 0.02118012,  0.09241778,  0.06118434,  0.01906269, -0.02110595,
         0.09965719],
       [ 0.05376051,  0.104471  ,  0.10423536, -0.01400613,  0.08384582,
         0.06066145],
       [ 0.0281054 ,  0.00142146, -0.0913149 ,  0.05795911, -0.10981124,
        -0.06414809],
       [ 0.07670784,  0.09528713, -0.03963361,  0.02699734,  0.08269892,
         0.08165557]]) 

Gen: 47 Fitness: 223.91732831134377 Weights: array([[-0.10416038, -0.00786081, -0.01662264,  0.01538377, -0.09721929,
        -0.08335521],
       [ 0.07119374,  0.1257997 , -0.0518723 ,  0.00387994, -0.00246875,
         0.06325636],
       [ 0.02118012,  0.09241778,  0.06118434,  0.01906269, -0.02110595,
         0.09965719],
       [ 0.07376051,  0.124471  ,  0.12423536,  0.00599387,  0.10384582,
         0.08066145],
       [ 0.0681054 ,  0.04142146, -0.0513149 ,  0.09795911, -0.06981124,
        -0.02414809],
       [ 0.05025605,  0.00924174,  0.01064866,  0.11279357, -0.05077005,
         0.03974847]]) 

Gen: 51 Fitness: 224.5162848993757 Weights: array([[ 0.01037281,  0.02281884, -0.02214339, -0.04996816, -0.05562773,
        -0.0696421 ],
       [ 0.06119374,  0.1157997 , -0.0618723 , -0.00612006, -0.01246875,
         0.05325636],
       [ 0.00118012,  0.07241778,  0.04118434, -0.00093731, -0.04110595,
         0.07965719],
       [-0.01844379, -0.07900368, -0.01820026,  0.03744529,  0.00502721,
         0.10939753],
       [ 0.0181054 , -0.00857854, -0.1013149 ,  0.04795911, -0.11981124,
        -0.07414809],
       [ 0.12670784,  0.14528713,  0.01036639,  0.07699734,  0.13269892,
         0.13165557]]) 

Gen: 64 Fitness: 250.34738767929866 Weights: array([[-0.03416038,  0.06213919,  0.05337736,  0.08538377, -0.02721929,
        -0.01335521],
       [-0.02611913,  0.05671673,  0.03575319,  0.00440065, -0.0691316 ,
         0.10223513],
       [ 0.05467365,  0.04401188, -0.0326257 , -0.00724031, -0.0348977 ,
         0.04678517],
       [ 0.07060394,  0.10258135,  0.11410669,  0.07114372,  0.02769992,
         0.10086621],
       [ 0.0081054 , -0.01857854, -0.1113149 ,  0.03795911, -0.12981124,
        -0.08414809],
       [ 0.08670784,  0.10528713, -0.02963361,  0.03699734,  0.09269892,
         0.09165557]]) 

Gen: 108 Fitness: 264.96704382210913 Weights: array([[-0.03962719, -0.02718116, -0.07214339, -0.09996816, -0.10562773,
        -0.1196421 ],
       [-0.01146077,  0.07332875,  0.00803349,  0.07483099, -0.03735898,
         0.01608035],
       [ 0.07467365,  0.06401188, -0.0126257 ,  0.01275969, -0.0148977 ,
         0.06678517],
       [ 0.13060394,  0.16258135,  0.17410669,  0.13114372,  0.08769992,
         0.16086621],
       [ 0.0181054 , -0.00857854, -0.1013149 ,  0.04795911, -0.11981124,
        -0.07414809],
       [ 0.10670784,  0.12528713, -0.00963361,  0.05699734,  0.11269892,
         0.11165557]]) 

Gen: 121 Fitness: 278.4900965672726 Weights: array([[-0.05962719, -0.04718116, -0.09214339, -0.11996816, -0.12562773,
        -0.1396421 ],
       [ 0.03853923,  0.12332875,  0.05803349,  0.12483099,  0.01264102,
         0.06608035],
       [ 0.07467365,  0.06401188, -0.0126257 ,  0.01275969, -0.0148977 ,
         0.06678517],
       [ 0.08060394,  0.11258135,  0.12410669,  0.08114372,  0.03769992,
         0.11086621],
       [ 0.0281054 ,  0.00142146, -0.0913149 ,  0.05795911, -0.10981124,
        -0.06414809],
       [ 0.12670784,  0.14528713,  0.01036639,  0.07699734,  0.13269892,
         0.13165557]]) 

Gen: 147 Fitness: 281.72104983194345 Weights: array([[-0.01962719, -0.00718116, -0.05214339, -0.07996816, -0.08562773,
        -0.0996421 ],
       [ 0.03853923,  0.12332875,  0.05803349,  0.12483099,  0.01264102,
         0.06608035],
       [ 0.05467365,  0.04401188, -0.0326257 , -0.00724031, -0.0348977 ,
         0.04678517],
       [ 0.11060394,  0.14258135,  0.15410669,  0.11114372,  0.06769992,
         0.14086621],
       [-0.0018946 , -0.02857854, -0.1213149 ,  0.02795911, -0.13981124,
        -0.09414809],
       [ 0.15670784,  0.17528713,  0.04036639,  0.10699734,  0.16269892,
         0.16165557]]) 

Gen: 159 Fitness: 288.06162425635296 Weights: array([[-0.02962719, -0.01718116, -0.06214339, -0.08996816, -0.09562773,
        -0.1096421 ],
       [ 0.03853923,  0.12332875,  0.05803349,  0.12483099,  0.01264102,
         0.06608035],
       [ 0.06467365,  0.05401188, -0.0226257 ,  0.00275969, -0.0248977 ,
         0.05678517],
       [ 0.10060394,  0.13258135,  0.14410669,  0.10114372,  0.05769992,
         0.13086621],
       [ 0.0181054 , -0.00857854, -0.1013149 ,  0.04795911, -0.11981124,
        -0.07414809],
       [ 0.11670784,  0.13528713,  0.00036639,  0.06699734,  0.12269892,
         0.12165557]]) 

Gen: 335 Fitness: 291.45575449359933 Weights: array([[ 0.01037281,  0.02281884, -0.02214339, -0.04996816, -0.05562773,
        -0.0696421 ],
       [-0.01146077,  0.07332875,  0.00803349,  0.07483099, -0.03735898,
         0.01608035],
       [ 0.04467365,  0.03401188, -0.0426257 , -0.01724031, -0.0448977 ,
         0.03678517],
       [ 0.13060394,  0.16258135,  0.17410669,  0.13114372,  0.08769992,
         0.16086621],
       [ 0.0081054 , -0.01857854, -0.1113149 ,  0.03795911, -0.12981124,
        -0.08414809],
       [ 0.12670784,  0.14528713,  0.01036639,  0.07699734,  0.13269892,
         0.13165557]]) 

Gen: 361 Fitness: 292.0393260965416 Weights: array([[-0.02962719, -0.01718116, -0.06214339, -0.08996816, -0.09562773,
        -0.1096421 ],
       [ 0.01853923,  0.10332875,  0.03803349,  0.10483099, -0.00735898,
         0.04608035],
       [ 0.07467365,  0.06401188, -0.0126257 ,  0.01275969, -0.0148977 ,
         0.06678517],
       [ 0.08060394,  0.11258135,  0.12410669,  0.08114372,  0.03769992,
         0.11086621],
       [-0.0018946 , -0.02857854, -0.1213149 ,  0.02795911, -0.13981124,
        -0.09414809],
       [ 0.16670784,  0.18528713,  0.05036639,  0.11699734,  0.17269892,
         0.17165557]]) 

Gen: 527 Fitness: 292.77067443042904 Weights: array([[ 0.01037281,  0.02281884, -0.02214339, -0.04996816, -0.05562773,
        -0.0696421 ],
       [-0.00146077,  0.08332875,  0.01803349,  0.08483099, -0.02735898,
         0.02608035],
       [ 0.06467365,  0.05401188, -0.0226257 ,  0.00275969, -0.0248977 ,
         0.05678517],
       [ 0.13060394,  0.16258135,  0.17410669,  0.13114372,  0.08769992,
         0.16086621],
       [-0.0118946 , -0.03857854, -0.1313149 ,  0.01795911, -0.14981124,
        -0.10414809],
       [ 0.12670784,  0.14528713,  0.01036639,  0.07699734,  0.13269892,
         0.13165557]]) 

