
-------------------------------------------------------------------------------------------------------
                                --- Method Parameters ---                                            
-------------------------------------------------------------------------------------------------------

method: Microbial, sim_duration: 10, fitness_func: Fitness_Day3, pop_size: 10, gen_size: 100, weight_search: 0.5, 

=======================================================================================================

Gen: 0 Fitness: 116834.98747696128 Weights: array([[-0.35581492, -0.05919372, -0.09704638, -0.24778457,  0.37529974,
        -0.16842459],
       [-0.30549665,  0.00831547, -0.03078266, -0.00492722,  0.14262224,
         0.08266905],
       [ 0.27415483,  0.03684071,  0.22730629,  0.04871668, -0.10804223,
        -0.26143788],
       [ 0.31221906,  0.25645073, -0.46881286,  0.28275379,  0.44420119,
         0.2803325 ],
       [-0.00718872,  0.32041165, -0.35274812,  0.20421846, -0.45128363,
         0.14002261],
       [-0.05863091,  0.14195726, -0.26116966,  0.46246093, -0.32814975,
         0.48478858]]) 

Gen: 6 Fitness: 152400.5055842774 Weights: array([[-0.26838621,  0.12958486,  0.15495578, -0.22698529,  0.05835892,
         0.28115682],
       [ 0.22464619,  0.23298601, -0.27105439, -0.26906667, -0.40174966,
        -0.07197596],
       [-0.11848756, -0.04772997, -0.0985905 ,  0.24055679,  0.08076644,
         0.30300702],
       [ 0.3399553 , -0.48181881,  0.05657308, -0.39279228,  0.40395171,
        -0.37531742],
       [ 0.23770384, -0.02279682, -0.46878921,  0.31764327,  0.46554202,
        -0.23910375],
       [-0.40975717,  0.03353272,  0.0316397 ,  0.28429917, -0.03220633,
        -0.02480292]]) 

Gen: 13 Fitness: 173633.30260737622 Weights: array([[-0.26838621,  0.12958486,  0.15495578, -0.22698529,  0.05835892,
         0.28115682],
       [ 0.21464619,  0.22298601, -0.28105439, -0.27906667, -0.41174966,
        -0.08197596],
       [-0.12848756, -0.05772997, -0.1085905 ,  0.23055679,  0.07076644,
         0.29300702],
       [ 0.3399553 , -0.48181881,  0.05657308, -0.39279228,  0.40395171,
        -0.37531742],
       [ 0.22770384, -0.03279682, -0.47878921,  0.30764327,  0.45554202,
        -0.24910375],
       [-0.40975717,  0.03353272,  0.0316397 ,  0.28429917, -0.03220633,
        -0.02480292]]) 

Gen: 14 Fitness: 207307.3611663592 Weights: array([[-0.32581492, -0.02919372, -0.06704638, -0.21778457,  0.40529974,
        -0.13842459],
       [ 0.20464619,  0.21298601, -0.29105439, -0.28906667, -0.42174966,
        -0.09197596],
       [-0.12848756, -0.05772997, -0.1085905 ,  0.23055679,  0.07076644,
         0.29300702],
       [ 0.3499553 , -0.47181881,  0.06657308, -0.38279228,  0.41395171,
        -0.36531742],
       [ 0.22770384, -0.03279682, -0.47878921,  0.30764327,  0.45554202,
        -0.24910375],
       [-0.40975717,  0.03353272,  0.0316397 ,  0.28429917, -0.03220633,
        -0.02480292]]) 

Gen: 18 Fitness: 207527.38514138057 Weights: array([[-0.31581492, -0.01919372, -0.05704638, -0.20778457,  0.41529974,
        -0.12842459],
       [ 0.22464619,  0.23298601, -0.27105439, -0.26906667, -0.40174966,
        -0.07197596],
       [-0.13848756, -0.06772997, -0.1185905 ,  0.22055679,  0.06076644,
         0.28300702],
       [ 0.3199553 , -0.50181881,  0.03657308, -0.41279228,  0.38395171,
        -0.39531742],
       [ 0.22770384, -0.03279682, -0.47878921,  0.30764327,  0.45554202,
        -0.24910375],
       [-0.40975717,  0.03353272,  0.0316397 ,  0.28429917, -0.03220633,
        -0.02480292]]) 

Gen: 21 Fitness: 220087.5852815899 Weights: array([[-0.31581492, -0.01919372, -0.05704638, -0.20778457,  0.41529974,
        -0.12842459],
       [ 0.22464619,  0.23298601, -0.27105439, -0.26906667, -0.40174966,
        -0.07197596],
       [-0.13848756, -0.06772997, -0.1185905 ,  0.22055679,  0.06076644,
         0.28300702],
       [ 0.3299553 , -0.49181881,  0.04657308, -0.40279228,  0.39395171,
        -0.38531742],
       [ 0.22770384, -0.03279682, -0.47878921,  0.30764327,  0.45554202,
        -0.24910375],
       [-0.40975717,  0.03353272,  0.0316397 ,  0.28429917, -0.03220633,
        -0.02480292]]) 

Gen: 26 Fitness: 222623.31680210528 Weights: array([[-0.31581492, -0.01919372, -0.05704638, -0.20778457,  0.41529974,
        -0.12842459],
       [ 0.21464619,  0.22298601, -0.28105439, -0.27906667, -0.41174966,
        -0.08197596],
       [-0.13848756, -0.06772997, -0.1185905 ,  0.22055679,  0.06076644,
         0.28300702],
       [ 0.3299553 , -0.49181881,  0.04657308, -0.40279228,  0.39395171,
        -0.38531742],
       [ 0.24770384, -0.01279682, -0.45878921,  0.32764327,  0.47554202,
        -0.22910375],
       [-0.39975717,  0.04353272,  0.0416397 ,  0.29429917, -0.02220633,
        -0.01480292]]) 

Gen: 33 Fitness: 226791.15018066662 Weights: array([[-0.31581492, -0.01919372, -0.05704638, -0.20778457,  0.41529974,
        -0.12842459],
       [ 0.21464619,  0.22298601, -0.28105439, -0.27906667, -0.41174966,
        -0.08197596],
       [-0.13848756, -0.06772997, -0.1185905 ,  0.22055679,  0.06076644,
         0.28300702],
       [ 0.3399553 , -0.48181881,  0.05657308, -0.39279228,  0.40395171,
        -0.37531742],
       [ 0.23770384, -0.02279682, -0.46878921,  0.31764327,  0.46554202,
        -0.23910375],
       [-0.39975717,  0.04353272,  0.0416397 ,  0.29429917, -0.02220633,
        -0.01480292]]) 

Gen: 38 Fitness: 233045.37671600527 Weights: array([[-0.30581492, -0.00919372, -0.04704638, -0.19778457,  0.42529974,
        -0.11842459],
       [ 0.21464619,  0.22298601, -0.28105439, -0.27906667, -0.41174966,
        -0.08197596],
       [-0.13848756, -0.06772997, -0.1185905 ,  0.22055679,  0.06076644,
         0.28300702],
       [ 0.3299553 , -0.49181881,  0.04657308, -0.40279228,  0.39395171,
        -0.38531742],
       [ 0.25770384, -0.00279682, -0.44878921,  0.33764327,  0.48554202,
        -0.21910375],
       [-0.40975717,  0.03353272,  0.0316397 ,  0.28429917, -0.03220633,
        -0.02480292]]) 

Gen: 41 Fitness: 243919.6851931764 Weights: array([[-0.29581492,  0.00080628, -0.03704638, -0.18778457,  0.43529974,
        -0.10842459],
       [ 0.21464619,  0.22298601, -0.28105439, -0.27906667, -0.41174966,
        -0.08197596],
       [-0.13848756, -0.06772997, -0.1185905 ,  0.22055679,  0.06076644,
         0.28300702],
       [ 0.3299553 , -0.49181881,  0.04657308, -0.40279228,  0.39395171,
        -0.38531742],
       [ 0.26770384,  0.00720318, -0.43878921,  0.34764327,  0.49554202,
        -0.20910375],
       [-0.40975717,  0.03353272,  0.0316397 ,  0.28429917, -0.03220633,
        -0.02480292]]) 

Gen: 45 Fitness: 245060.04090804697 Weights: array([[-0.29581492,  0.00080628, -0.03704638, -0.18778457,  0.43529974,
        -0.10842459],
       [ 0.21464619,  0.22298601, -0.28105439, -0.27906667, -0.41174966,
        -0.08197596],
       [-0.14848756, -0.07772997, -0.1285905 ,  0.21055679,  0.05076644,
         0.27300702],
       [ 0.3299553 , -0.49181881,  0.04657308, -0.40279228,  0.39395171,
        -0.38531742],
       [ 0.27770384,  0.01720318, -0.42878921,  0.35764327,  0.50554202,
        -0.19910375],
       [-0.40975717,  0.03353272,  0.0316397 ,  0.28429917, -0.03220633,
        -0.02480292]]) 

Gen: 47 Fitness: 246416.68815095874 Weights: array([[-0.29581492,  0.00080628, -0.03704638, -0.18778457,  0.43529974,
        -0.10842459],
       [ 0.20464619,  0.21298601, -0.29105439, -0.28906667, -0.42174966,
        -0.09197596],
       [-0.14848756, -0.07772997, -0.1285905 ,  0.21055679,  0.05076644,
         0.27300702],
       [ 0.3299553 , -0.49181881,  0.04657308, -0.40279228,  0.39395171,
        -0.38531742],
       [ 0.26770384,  0.00720318, -0.43878921,  0.34764327,  0.49554202,
        -0.20910375],
       [-0.37975717,  0.06353272,  0.0616397 ,  0.31429917, -0.00220633,
         0.00519708]]) 

Gen: 49 Fitness: 249037.07716950367 Weights: array([[-0.29581492,  0.00080628, -0.03704638, -0.18778457,  0.43529974,
        -0.10842459],
       [ 0.21464619,  0.22298601, -0.28105439, -0.27906667, -0.41174966,
        -0.08197596],
       [-0.14848756, -0.07772997, -0.1285905 ,  0.21055679,  0.05076644,
         0.27300702],
       [ 0.3299553 , -0.49181881,  0.04657308, -0.40279228,  0.39395171,
        -0.38531742],
       [ 0.26770384,  0.00720318, -0.43878921,  0.34764327,  0.49554202,
        -0.20910375],
       [-0.38975717,  0.05353272,  0.0516397 ,  0.30429917, -0.01220633,
        -0.00480292]]) 

