
-------------------------------------------------------------------------------------------------------
                                --- Method Parameters ---                                            
-------------------------------------------------------------------------------------------------------

method: Microbial, sim_duration: 10, fitness_func: Fitness_Day3, pop_size: 10, gen_size: 100, weight_search: 0.5, 

=======================================================================================================

Gen: 0 Fitness: 147.62318140063564 Weights: array([[-0.10619465, -0.0943002 ,  0.0965308 , -0.05007969,  0.14758403,
        -0.40370882],
       [ 0.4120019 ,  0.41724924,  0.35008189, -0.11124475,  0.13455918,
         0.28962587],
       [ 0.25468924, -0.04266499, -0.43352131, -0.10712383, -0.18998211,
        -0.12736708],
       [ 0.06409778,  0.28666936, -0.14261772,  0.30534993,  0.38519283,
        -0.19718143],
       [ 0.1379643 , -0.43238524,  0.24984728,  0.30632   ,  0.20617779,
         0.44931487],
       [-0.37877066,  0.18747332,  0.43407266,  0.48081569, -0.26112759,
        -0.09251179]]) 

Gen: 2 Fitness: 195.5403921706429 Weights: array([[-0.39392623, -0.30868266,  0.03980688, -0.46033928, -0.00724914,
         0.32502145],
       [ 0.42353368, -0.0876023 ,  0.4242559 ,  0.0408    , -0.41825265,
        -0.35776697],
       [ 0.1196812 , -0.46773841,  0.21870423,  0.28083066,  0.24568175,
        -0.41763016],
       [-0.06799389, -0.06242169,  0.44134922,  0.4776047 , -0.4110523 ,
         0.48508512],
       [-0.27284516, -0.19914918, -0.10426196, -0.04516215,  0.0913462 ,
        -0.2732297 ],
       [ 0.41154557,  0.48896532, -0.20030733,  0.42670575,  0.0138439 ,
         0.06335123]]) 

Gen: 4 Fitness: 258.30663731719994 Weights: array([[-0.39392623, -0.30868266,  0.03980688, -0.46033928, -0.00724914,
         0.32502145],
       [ 0.34650525, -0.2378953 , -0.07468727,  0.04155834, -0.17943386,
         0.48163324],
       [ 0.1196812 , -0.46773841,  0.21870423,  0.28083066,  0.24568175,
        -0.41763016],
       [ 0.3021153 ,  0.34818773,  0.2110862 , -0.07341714,  0.05405762,
         0.195013  ],
       [-0.25284516, -0.17914918, -0.08426196, -0.02516215,  0.1113462 ,
        -0.2532297 ],
       [-0.36877066,  0.19747332,  0.44407266,  0.49081569, -0.25112759,
        -0.08251179]]) 

Gen: 9 Fitness: 259.55813278507867 Weights: array([[-0.40392623, -0.31868266,  0.02980688, -0.47033928, -0.01724914,
         0.31502145],
       [ 0.33650525, -0.2478953 , -0.08468727,  0.03155834, -0.18943386,
         0.47163324],
       [ 0.1296812 , -0.45773841,  0.22870423,  0.29083066,  0.25568175,
        -0.40763016],
       [ 0.3021153 ,  0.34818773,  0.2110862 , -0.07341714,  0.05405762,
         0.195013  ],
       [-0.25284516, -0.17914918, -0.08426196, -0.02516215,  0.1113462 ,
        -0.2532297 ],
       [-0.37877066,  0.18747332,  0.43407266,  0.48081569, -0.26112759,
        -0.09251179]]) 

Gen: 14 Fitness: 286.8299711665787 Weights: array([[-0.39392623, -0.30868266,  0.03980688, -0.46033928, -0.00724914,
         0.32502145],
       [ 0.33650525, -0.2478953 , -0.08468727,  0.03155834, -0.18943386,
         0.47163324],
       [ 0.1196812 , -0.46773841,  0.21870423,  0.28083066,  0.24568175,
        -0.41763016],
       [ 0.3021153 ,  0.34818773,  0.2110862 , -0.07341714,  0.05405762,
         0.195013  ],
       [-0.28284516, -0.20914918, -0.11426196, -0.05516215,  0.0813462 ,
        -0.2832297 ],
       [-0.37877066,  0.18747332,  0.43407266,  0.48081569, -0.26112759,
        -0.09251179]]) 

Gen: 15 Fitness: 686.1622154514533 Weights: array([[-0.40392623, -0.31868266,  0.02980688, -0.47033928, -0.01724914,
         0.31502145],
       [ 0.34650525, -0.2378953 , -0.07468727,  0.04155834, -0.17943386,
         0.48163324],
       [ 0.0996812 , -0.48773841,  0.19870423,  0.26083066,  0.22568175,
        -0.43763016],
       [ 0.3021153 ,  0.34818773,  0.2110862 , -0.07341714,  0.05405762,
         0.195013  ],
       [-0.26284516, -0.18914918, -0.09426196, -0.03516215,  0.1013462 ,
        -0.2632297 ],
       [ 0.38154557,  0.45896532, -0.23030733,  0.39670575, -0.0161561 ,
         0.03335123]]) 

Gen: 23 Fitness: 815.6332176750635 Weights: array([[-0.39392623, -0.30868266,  0.03980688, -0.46033928, -0.00724914,
         0.32502145],
       [ 0.35650525, -0.2278953 , -0.06468727,  0.05155834, -0.16943386,
         0.49163324],
       [ 0.0896812 , -0.49773841,  0.18870423,  0.25083066,  0.21568175,
        -0.44763016],
       [ 0.3121153 ,  0.35818773,  0.2210862 , -0.06341714,  0.06405762,
         0.205013  ],
       [-0.26284516, -0.18914918, -0.09426196, -0.03516215,  0.1013462 ,
        -0.2632297 ],
       [ 0.38154557,  0.45896532, -0.23030733,  0.39670575, -0.0161561 ,
         0.03335123]]) 

Gen: 27 Fitness: 828.2148955801815 Weights: array([[-0.38392623, -0.29868266,  0.04980688, -0.45033928,  0.00275086,
         0.33502145],
       [ 0.33650525, -0.2478953 , -0.08468727,  0.03155834, -0.18943386,
         0.47163324],
       [ 0.0896812 , -0.49773841,  0.18870423,  0.25083066,  0.21568175,
        -0.44763016],
       [ 0.2921153 ,  0.33818773,  0.2010862 , -0.08341714,  0.04405762,
         0.185013  ],
       [-0.24284516, -0.16914918, -0.07426196, -0.01516215,  0.1213462 ,
        -0.2432297 ],
       [ 0.40154557,  0.47896532, -0.21030733,  0.41670575,  0.0038439 ,
         0.05335123]]) 

Gen: 32 Fitness: 839.6647351415825 Weights: array([[-0.37392623, -0.28868266,  0.05980688, -0.44033928,  0.01275086,
         0.34502145],
       [ 0.36650525, -0.2178953 , -0.05468727,  0.06155834, -0.15943386,
         0.50163324],
       [ 0.0796812 , -0.50773841,  0.17870423,  0.24083066,  0.20568175,
        -0.45763016],
       [ 0.3221153 ,  0.36818773,  0.2310862 , -0.05341714,  0.07405762,
         0.215013  ],
       [-0.25284516, -0.17914918, -0.08426196, -0.02516215,  0.1113462 ,
        -0.2532297 ],
       [ 0.39154557,  0.46896532, -0.22030733,  0.40670575, -0.0061561 ,
         0.04335123]]) 

Gen: 37 Fitness: 857.7586049206411 Weights: array([[-0.37392623, -0.28868266,  0.05980688, -0.44033928,  0.01275086,
         0.34502145],
       [ 0.34650525, -0.2378953 , -0.07468727,  0.04155834, -0.17943386,
         0.48163324],
       [ 0.0896812 , -0.49773841,  0.18870423,  0.25083066,  0.21568175,
        -0.44763016],
       [ 0.3221153 ,  0.36818773,  0.2310862 , -0.05341714,  0.07405762,
         0.215013  ],
       [-0.25284516, -0.17914918, -0.08426196, -0.02516215,  0.1113462 ,
        -0.2532297 ],
       [ 0.41154557,  0.48896532, -0.20030733,  0.42670575,  0.0138439 ,
         0.06335123]]) 

Gen: 47 Fitness: 890.0963852129096 Weights: array([[-0.37392623, -0.28868266,  0.05980688, -0.44033928,  0.01275086,
         0.34502145],
       [ 0.35650525, -0.2278953 , -0.06468727,  0.05155834, -0.16943386,
         0.49163324],
       [ 0.0896812 , -0.49773841,  0.18870423,  0.25083066,  0.21568175,
        -0.44763016],
       [ 0.3321153 ,  0.37818773,  0.2410862 , -0.04341714,  0.08405762,
         0.225013  ],
       [-0.25284516, -0.17914918, -0.08426196, -0.02516215,  0.1113462 ,
        -0.2532297 ],
       [ 0.39154557,  0.46896532, -0.22030733,  0.40670575, -0.0061561 ,
         0.04335123]]) 

Gen: 51 Fitness: 912.1130808615284 Weights: array([[-0.35392623, -0.26868266,  0.07980688, -0.42033928,  0.03275086,
         0.36502145],
       [ 0.37650525, -0.2078953 , -0.04468727,  0.07155834, -0.14943386,
         0.51163324],
       [ 0.0796812 , -0.50773841,  0.17870423,  0.24083066,  0.20568175,
        -0.45763016],
       [ 0.3321153 ,  0.37818773,  0.2410862 , -0.04341714,  0.08405762,
         0.225013  ],
       [-0.26284516, -0.18914918, -0.09426196, -0.03516215,  0.1013462 ,
        -0.2632297 ],
       [ 0.40154557,  0.47896532, -0.21030733,  0.41670575,  0.0038439 ,
         0.05335123]]) 

Gen: 57 Fitness: 984.5435520513485 Weights: array([[-0.34392623, -0.25868266,  0.08980688, -0.41033928,  0.04275086,
         0.37502145],
       [ 0.34650525, -0.2378953 , -0.07468727,  0.04155834, -0.17943386,
         0.48163324],
       [ 0.0896812 , -0.49773841,  0.18870423,  0.25083066,  0.21568175,
        -0.44763016],
       [ 0.3321153 ,  0.37818773,  0.2410862 , -0.04341714,  0.08405762,
         0.225013  ],
       [-0.25284516, -0.17914918, -0.08426196, -0.02516215,  0.1113462 ,
        -0.2532297 ],
       [ 0.42154557,  0.49896532, -0.19030733,  0.43670575,  0.0238439 ,
         0.07335123]]) 

Gen: 83 Fitness: 1006.2771953468988 Weights: array([[-0.32392623, -0.23868266,  0.10980688, -0.39033928,  0.06275086,
         0.39502145],
       [ 0.35650525, -0.2278953 , -0.06468727,  0.05155834, -0.16943386,
         0.49163324],
       [ 0.0796812 , -0.50773841,  0.17870423,  0.24083066,  0.20568175,
        -0.45763016],
       [ 0.3321153 ,  0.37818773,  0.2410862 , -0.04341714,  0.08405762,
         0.225013  ],
       [-0.24284516, -0.16914918, -0.07426196, -0.01516215,  0.1213462 ,
        -0.2432297 ],
       [ 0.42154557,  0.49896532, -0.19030733,  0.43670575,  0.0238439 ,
         0.07335123]]) 


Generations: 100 Fitness: 1006.2771953468988 
