
-------------------------------------------------------------------------------------------------------
                                --- Method Parameters ---                                            
-------------------------------------------------------------------------------------------------------

method: PyGAD, entity: hydrostat_reservoir, volume: 10, sim_duration: 100, fitness_func: pygad_fitness, pop_size: 200, gen_size: 1000, weight_search: 0.5, 

-------------------------------------------------------------------------------------------------------
                                --- Pygad  Parameters ---                                            
-------------------------------------------------------------------------------------------------------

parent_selection_type: rank, parents mating: 100, keep parents: 100, crossover type: uniform, 
mutation type: random, mutation prob: 0.5, mutation_max_val: 0.01, mutation_min_val: -0.01, 

=======================================================================================================


Generation: 1 
 - Generation Avg Fit: 108.83616003381249 
 - Best Fitness: 336.94583680749946
 - Best Solution: array([ 0.01666478,  0.37828014,  0.40439973,  0.38950527, -0.2911339 ,
       -0.49013961,  0.43736166,  0.38650694, -0.31682261, -0.08229268,
       -0.07506857,  0.46782801, -0.3972186 ,  0.49053618, -0.25089486,
       -0.05808442, -0.15415807, -0.09210096,  0.2358456 ,  0.34209698,
       -0.28403789,  0.31818978, -0.23508251, -0.06596565,  0.37338629,
       -0.28235414,  0.07983812,  0.22178719, -0.0654783 ,  0.0736597 ,
        0.43239927,  0.22433951,  0.1072683 ,  0.15625281, -0.43607642,
       -0.09013197,  0.24570787,  0.22783819,  0.03118661,  0.27071235,
        0.11222018, -0.2862217 , -0.47857963, -0.48278092, -0.0887765 ,
        0.31941245,  0.3991689 , -0.15047128, -0.18529218,  0.21587271,
       -0.1385294 , -0.37119146, -0.24833886, -0.26293462,  0.0108531 ,
        0.26042808, -0.19082214, -0.0728172 , -0.28572359,  0.32843279,
        0.05738396,  0.26825866,  0.09110962,  0.21434809]) 

Generation: 2 
 - Generation Avg Fit: 126.80377906796541 
 - Best Fitness: 378.61745234552916
 - Best Solution: array([ 0.49833777, -0.39836807,  0.48853346,  0.26554049,  0.264369  ,
        0.01839236, -0.3612761 ,  0.06409751, -0.23504443,  0.08316077,
       -0.36289429, -0.22725534,  0.10089255, -0.01710907, -0.35030022,
       -0.35214728,  0.09154783,  0.46347472, -0.16202516, -0.00509409,
       -0.29718795,  0.21719908, -0.10062742,  0.07320324, -0.17505379,
       -0.41519889,  0.11783288,  0.05320278, -0.42376282,  0.27293107,
        0.03369024,  0.26970758,  0.31049486, -0.00512529, -0.17221015,
        0.19861144, -0.21128102,  0.47855062,  0.41685784, -0.01143227,
       -0.37452529, -0.07717724, -0.02390224,  0.15365473,  0.21334565,
        0.407752  , -0.4343122 ,  0.0871476 , -0.49723361, -0.38244043,
        0.11086807, -0.07539731, -0.46435957, -0.27577449, -0.18006547,
        0.25307245, -0.47823271,  0.45978248, -0.24198728,  0.30252231,
        0.30971781,  0.49475679, -0.21264528,  0.11343115]) 

Generation: 3 
 - Generation Avg Fit: 147.06915085360254 
 - Best Fitness: 394.69282291544295
 - Best Solution: array([-0.47101142, -0.1408533 , -0.02747068, -0.0097055 ,  0.11624852,
       -0.27506942, -0.33088993, -0.42259789, -0.36687492,  0.37049907,
       -0.03629015, -0.08602185,  0.27395237, -0.43589325, -0.03260964,
       -0.43342363, -0.0395094 , -0.44809521, -0.07794261,  0.1074688 ,
       -0.47902404, -0.44365362, -0.35876459, -0.12091547,  0.42009958,
       -0.06009267,  0.10264825,  0.26000699, -0.26426764, -0.37278161,
        0.18183569,  0.36773724, -0.4919047 ,  0.31256524,  0.34218425,
        0.33460317, -0.16560262,  0.12101689,  0.2200589 ,  0.06431826,
        0.15252088,  0.0782218 ,  0.12110661,  0.24322932, -0.3933346 ,
       -0.34404844, -0.47338856,  0.40381834,  0.49419437, -0.31082101,
       -0.29821987,  0.33054333, -0.09173888,  0.40792249,  0.32949168,
        0.41459296,  0.34820049,  0.20660532, -0.47879817,  0.07591611,
        0.47784158, -0.328862  ,  0.22656709,  0.20279459]) 

Generation: 4 
 - Generation Avg Fit: 162.82240441984078 
 - Best Fitness: 394.69282291544295
 - Best Solution: array([ 0.49833777, -0.39836807,  0.48853346,  0.26554049,  0.264369  ,
        0.01839236, -0.3612761 ,  0.06409751, -0.23504443,  0.08316077,
       -0.36289429, -0.22725534,  0.10089255, -0.01710907, -0.35030022,
       -0.35214728,  0.09154783,  0.46347472, -0.16202516, -0.00509409,
       -0.29718795,  0.21719908, -0.10062742,  0.07320324, -0.17505379,
       -0.41519889,  0.11783288,  0.05320278, -0.42376282,  0.27293107,
        0.03369024,  0.26970758,  0.31049486, -0.00512529, -0.17221015,
        0.19861144, -0.21128102,  0.47855062,  0.41685784, -0.01143227,
       -0.37452529, -0.07717724, -0.02390224,  0.15365473,  0.21334565,
        0.407752  , -0.4343122 ,  0.0871476 , -0.49723361, -0.38244043,
        0.11086807, -0.07539731, -0.46435957, -0.27577449, -0.18006547,
        0.25307245, -0.47823271,  0.45978248, -0.24198728,  0.30252231,
        0.30971781,  0.49475679, -0.21264528,  0.11343115]) 

Generation: 5 
 - Generation Avg Fit: 163.2915980748247 
 - Best Fitness: 394.69282291544295
 - Best Solution: array([-0.47101142, -0.1408533 , -0.02747068, -0.0097055 ,  0.11624852,
       -0.27506942, -0.33088993, -0.42259789, -0.36687492,  0.37049907,
       -0.03629015, -0.08602185,  0.27395237, -0.43589325, -0.03260964,
       -0.43342363, -0.0395094 , -0.44809521, -0.07794261,  0.1074688 ,
       -0.47902404, -0.44365362, -0.35876459, -0.12091547,  0.42009958,
       -0.06009267,  0.10264825,  0.26000699, -0.26426764, -0.37278161,
        0.18183569,  0.36773724, -0.4919047 ,  0.31256524,  0.34218425,
        0.33460317, -0.16560262,  0.12101689,  0.2200589 ,  0.06431826,
        0.15252088,  0.0782218 ,  0.12110661,  0.24322932, -0.3933346 ,
       -0.34404844, -0.47338856,  0.40381834,  0.49419437, -0.31082101,
       -0.29821987,  0.33054333, -0.09173888,  0.40792249,  0.32949168,
        0.41459296,  0.34820049,  0.20660532, -0.47879817,  0.07591611,
        0.47784158, -0.328862  ,  0.22656709,  0.20279459]) 

Generation: 6 
 - Generation Avg Fit: 165.58703668621172 
 - Best Fitness: 394.69282291544295
 - Best Solution: array([-0.47101142, -0.1408533 , -0.02747068, -0.0097055 ,  0.11624852,
       -0.27506942, -0.33088993, -0.42259789, -0.36687492,  0.37049907,
       -0.03629015, -0.08602185,  0.27395237, -0.43589325, -0.03260964,
       -0.43342363, -0.0395094 , -0.44809521, -0.07794261,  0.1074688 ,
       -0.47902404, -0.44365362, -0.35876459, -0.12091547,  0.42009958,
       -0.06009267,  0.10264825,  0.26000699, -0.26426764, -0.37278161,
        0.18183569,  0.36773724, -0.4919047 ,  0.31256524,  0.34218425,
        0.33460317, -0.16560262,  0.12101689,  0.2200589 ,  0.06431826,
        0.15252088,  0.0782218 ,  0.12110661,  0.24322932, -0.3933346 ,
       -0.34404844, -0.47338856,  0.40381834,  0.49419437, -0.31082101,
       -0.29821987,  0.33054333, -0.09173888,  0.40792249,  0.32949168,
        0.41459296,  0.34820049,  0.20660532, -0.47879817,  0.07591611,
        0.47784158, -0.328862  ,  0.22656709,  0.20279459]) 

Generation: 7 
 - Generation Avg Fit: 166.39110845315668 
 - Best Fitness: 394.69282291544295
 - Best Solution: array([-0.47101142, -0.1408533 , -0.02747068, -0.0097055 ,  0.11624852,
       -0.27506942, -0.33088993, -0.42259789, -0.36687492,  0.37049907,
       -0.03629015, -0.08602185,  0.27395237, -0.43589325, -0.03260964,
       -0.43342363, -0.0395094 , -0.44809521, -0.07794261,  0.1074688 ,
       -0.47902404, -0.44365362, -0.35876459, -0.12091547,  0.42009958,
       -0.06009267,  0.10264825,  0.26000699, -0.26426764, -0.37278161,
        0.18183569,  0.36773724, -0.4919047 ,  0.31256524,  0.34218425,
        0.33460317, -0.16560262,  0.12101689,  0.2200589 ,  0.06431826,
        0.15252088,  0.0782218 ,  0.12110661,  0.24322932, -0.3933346 ,
       -0.34404844, -0.47338856,  0.40381834,  0.49419437, -0.31082101,
       -0.29821987,  0.33054333, -0.09173888,  0.40792249,  0.32949168,
        0.41459296,  0.34820049,  0.20660532, -0.47879817,  0.07591611,
        0.47784158, -0.328862  ,  0.22656709,  0.20279459]) 

Generation: 8 
 - Generation Avg Fit: 179.44098170542708 
 - Best Fitness: 413.9840416381707
 - Best Solution: array([ 0.01675124,  0.27247115, -0.39298643,  0.01097585,  0.30247698,
       -0.27075101,  0.00301883, -0.43014169, -0.32618603, -0.46801106,
       -0.41325442, -0.37738087, -0.39545636, -0.29286786,  0.04190221,
       -0.2026577 , -0.41751656, -0.15411383, -0.36962353, -0.09647669,
       -0.01311884,  0.21158136, -0.15325861,  0.35192363, -0.19034922,
       -0.41820289, -0.41594246,  0.07303188,  0.14548962, -0.45813092,
        0.01031754, -0.34097954,  0.03744672,  0.43201977, -0.0337205 ,
       -0.08378517, -0.24926972,  0.07012349,  0.4158517 ,  0.05850064,
        0.20729524, -0.08555939,  0.35449203,  0.29281471,  0.181832  ,
        0.29686834,  0.02136011,  0.08253786, -0.41753059, -0.08204988,
        0.43620823, -0.37119146, -0.15077275, -0.26293462, -0.25718137,
       -0.08432588,  0.27818921,  0.16791361,  0.161989  ,  0.33650943,
        0.29322208, -0.43624419,  0.1540909 , -0.12012875]) 

Generation: 9 
 - Generation Avg Fit: 181.18967638309914 
 - Best Fitness: 413.9840416381707
 - Best Solution: array([-0.47101142, -0.1408533 , -0.02747068, -0.0097055 ,  0.11624852,
       -0.27506942, -0.33088993, -0.42259789, -0.36687492,  0.37049907,
       -0.03629015, -0.08602185,  0.27395237, -0.43589325, -0.03260964,
       -0.43342363, -0.0395094 , -0.44809521, -0.07794261,  0.1074688 ,
       -0.47902404, -0.44365362, -0.35876459, -0.12091547,  0.42009958,
       -0.06009267,  0.10264825,  0.26000699, -0.26426764, -0.37278161,
        0.18183569,  0.36773724, -0.4919047 ,  0.31256524,  0.34218425,
        0.33460317, -0.16560262,  0.12101689,  0.2200589 ,  0.06431826,
        0.15252088,  0.0782218 ,  0.12110661,  0.24322932, -0.3933346 ,
       -0.34404844, -0.47338856,  0.40381834,  0.49419437, -0.31082101,
       -0.29821987,  0.33054333, -0.09173888,  0.40792249,  0.32949168,
        0.41459296,  0.34820049,  0.20660532, -0.47879817,  0.07591611,
        0.47784158, -0.328862  ,  0.22656709,  0.20279459]) 

Generation: 10 
 - Generation Avg Fit: 187.87359298636213 
 - Best Fitness: 413.9840416381707
 - Best Solution: array([ 0.01675124,  0.27247115, -0.39298643,  0.01097585,  0.30247698,
       -0.27075101,  0.00301883, -0.43014169, -0.32618603, -0.46801106,
       -0.41325442, -0.37738087, -0.39545636, -0.29286786,  0.04190221,
       -0.2026577 , -0.41751656, -0.15411383, -0.36962353, -0.09647669,
       -0.01311884,  0.21158136, -0.15325861,  0.35192363, -0.19034922,
       -0.41820289, -0.41594246,  0.07303188,  0.14548962, -0.45813092,
        0.01031754, -0.34097954,  0.03744672,  0.43201977, -0.0337205 ,
       -0.08378517, -0.24926972,  0.07012349,  0.4158517 ,  0.05850064,
        0.20729524, -0.08555939,  0.35449203,  0.29281471,  0.181832  ,
        0.29686834,  0.02136011,  0.08253786, -0.41753059, -0.08204988,
        0.43620823, -0.37119146, -0.15077275, -0.26293462, -0.25718137,
       -0.08432588,  0.27818921,  0.16791361,  0.161989  ,  0.33650943,
        0.29322208, -0.43624419,  0.1540909 , -0.12012875]) 

Generation: 11 
 - Generation Avg Fit: 191.22479679041368 
 - Best Fitness: 413.9840416381707
 - Best Solution: array([ 0.01675124,  0.27247115, -0.39298643,  0.01097585,  0.30247698,
       -0.27075101,  0.00301883, -0.43014169, -0.32618603, -0.46801106,
       -0.41325442, -0.37738087, -0.39545636, -0.29286786,  0.04190221,
       -0.2026577 , -0.41751656, -0.15411383, -0.36962353, -0.09647669,
       -0.01311884,  0.21158136, -0.15325861,  0.35192363, -0.19034922,
       -0.41820289, -0.41594246,  0.07303188,  0.14548962, -0.45813092,
        0.01031754, -0.34097954,  0.03744672,  0.43201977, -0.0337205 ,
       -0.08378517, -0.24926972,  0.07012349,  0.4158517 ,  0.05850064,
        0.20729524, -0.08555939,  0.35449203,  0.29281471,  0.181832  ,
        0.29686834,  0.02136011,  0.08253786, -0.41753059, -0.08204988,
        0.43620823, -0.37119146, -0.15077275, -0.26293462, -0.25718137,
       -0.08432588,  0.27818921,  0.16791361,  0.161989  ,  0.33650943,
        0.29322208, -0.43624419,  0.1540909 , -0.12012875]) 

Generation: 12 
 - Generation Avg Fit: 188.67448798878934 
 - Best Fitness: 413.9840416381707
 - Best Solution: array([ 0.01675124,  0.27247115, -0.39298643,  0.01097585,  0.30247698,
       -0.27075101,  0.00301883, -0.43014169, -0.32618603, -0.46801106,
       -0.41325442, -0.37738087, -0.39545636, -0.29286786,  0.04190221,
       -0.2026577 , -0.41751656, -0.15411383, -0.36962353, -0.09647669,
       -0.01311884,  0.21158136, -0.15325861,  0.35192363, -0.19034922,
       -0.41820289, -0.41594246,  0.07303188,  0.14548962, -0.45813092,
        0.01031754, -0.34097954,  0.03744672,  0.43201977, -0.0337205 ,
       -0.08378517, -0.24926972,  0.07012349,  0.4158517 ,  0.05850064,
        0.20729524, -0.08555939,  0.35449203,  0.29281471,  0.181832  ,
        0.29686834,  0.02136011,  0.08253786, -0.41753059, -0.08204988,
        0.43620823, -0.37119146, -0.15077275, -0.26293462, -0.25718137,
       -0.08432588,  0.27818921,  0.16791361,  0.161989  ,  0.33650943,
        0.29322208, -0.43624419,  0.1540909 , -0.12012875]) 

Generation: 13 
 - Generation Avg Fit: 189.2890794207459 
 - Best Fitness: 413.9840416381707
 - Best Solution: array([ 0.01675124,  0.27247115, -0.39298643,  0.01097585,  0.30247698,
       -0.27075101,  0.00301883, -0.43014169, -0.32618603, -0.46801106,
       -0.41325442, -0.37738087, -0.39545636, -0.29286786,  0.04190221,
       -0.2026577 , -0.41751656, -0.15411383, -0.36962353, -0.09647669,
       -0.01311884,  0.21158136, -0.15325861,  0.35192363, -0.19034922,
       -0.41820289, -0.41594246,  0.07303188,  0.14548962, -0.45813092,
        0.01031754, -0.34097954,  0.03744672,  0.43201977, -0.0337205 ,
       -0.08378517, -0.24926972,  0.07012349,  0.4158517 ,  0.05850064,
        0.20729524, -0.08555939,  0.35449203,  0.29281471,  0.181832  ,
        0.29686834,  0.02136011,  0.08253786, -0.41753059, -0.08204988,
        0.43620823, -0.37119146, -0.15077275, -0.26293462, -0.25718137,
       -0.08432588,  0.27818921,  0.16791361,  0.161989  ,  0.33650943,
        0.29322208, -0.43624419,  0.1540909 , -0.12012875]) 

Generation: 14 
 - Generation Avg Fit: 182.88371834953222 
 - Best Fitness: 413.9840416381707
 - Best Solution: array([ 0.01675124,  0.27247115, -0.39298643,  0.01097585,  0.30247698,
       -0.27075101,  0.00301883, -0.43014169, -0.32618603, -0.46801106,
       -0.41325442, -0.37738087, -0.39545636, -0.29286786,  0.04190221,
       -0.2026577 , -0.41751656, -0.15411383, -0.36962353, -0.09647669,
       -0.01311884,  0.21158136, -0.15325861,  0.35192363, -0.19034922,
       -0.41820289, -0.41594246,  0.07303188,  0.14548962, -0.45813092,
        0.01031754, -0.34097954,  0.03744672,  0.43201977, -0.0337205 ,
       -0.08378517, -0.24926972,  0.07012349,  0.4158517 ,  0.05850064,
        0.20729524, -0.08555939,  0.35449203,  0.29281471,  0.181832  ,
        0.29686834,  0.02136011,  0.08253786, -0.41753059, -0.08204988,
        0.43620823, -0.37119146, -0.15077275, -0.26293462, -0.25718137,
       -0.08432588,  0.27818921,  0.16791361,  0.161989  ,  0.33650943,
        0.29322208, -0.43624419,  0.1540909 , -0.12012875]) 

Generation: 15 
 - Generation Avg Fit: 187.1910687674538 
 - Best Fitness: 414.0749949569357
 - Best Solution: array([ 0.01219113,  0.44952194,  0.15835561,  0.27518183, -0.12236911,
        0.14727486, -0.15089136,  0.43651995,  0.10380211,  0.20324794,
       -0.34307989,  0.02813664, -0.18649577,  0.10519753,  0.11559171,
       -0.48598838, -0.16739016,  0.39785135,  0.2680739 , -0.31509302,
        0.44929612,  0.17608448,  0.35372038, -0.34510999, -0.13335017,
       -0.37389928, -0.23912997,  0.3849678 ,  0.29824255,  0.43695646,
       -0.15546352, -0.20305124,  0.14475767, -0.47513286,  0.37948709,
        0.01580777,  0.34864957,  0.10832324, -0.46453533,  0.34120747,
       -0.01226414, -0.2221909 , -0.40783517, -0.39335925, -0.29841897,
        0.49815394,  0.3191607 ,  0.09753293,  0.4597825 , -0.32015676,
        0.27576614, -0.44048549, -0.20845868,  0.03492766,  0.19369544,
        0.31200086, -0.35810483,  0.14191195, -0.23369602, -0.191036  ,
        0.12203236, -0.32951453, -0.33984763,  0.23541322]) 

Generation: 16 
 - Generation Avg Fit: 205.7844618912177 
 - Best Fitness: 414.0749949569357
 - Best Solution: array([ 0.01675124,  0.27247115, -0.39298643,  0.01097585,  0.30247698,
       -0.27075101,  0.00301883, -0.43014169, -0.32618603, -0.46801106,
       -0.41325442, -0.37738087, -0.39545636, -0.29286786,  0.04190221,
       -0.2026577 , -0.41751656, -0.15411383, -0.36962353, -0.09647669,
       -0.01311884,  0.21158136, -0.15325861,  0.35192363, -0.19034922,
       -0.41820289, -0.41594246,  0.07303188,  0.14548962, -0.45813092,
        0.01031754, -0.34097954,  0.03744672,  0.43201977, -0.0337205 ,
       -0.08378517, -0.24926972,  0.07012349,  0.4158517 ,  0.05850064,
        0.20729524, -0.08555939,  0.35449203,  0.29281471,  0.181832  ,
        0.29686834,  0.02136011,  0.08253786, -0.41753059, -0.08204988,
        0.43620823, -0.37119146, -0.15077275, -0.26293462, -0.25718137,
       -0.08432588,  0.27818921,  0.16791361,  0.161989  ,  0.33650943,
        0.29322208, -0.43624419,  0.1540909 , -0.12012875]) 

Generation: 17 
 - Generation Avg Fit: 198.3092560870355 
 - Best Fitness: 414.0749949569357
 - Best Solution: array([ 0.01219113,  0.44952194,  0.15835561,  0.27518183, -0.12236911,
        0.14727486, -0.15089136,  0.43651995,  0.10380211,  0.20324794,
       -0.34307989,  0.02813664, -0.18649577,  0.10519753,  0.11559171,
       -0.48598838, -0.16739016,  0.39785135,  0.2680739 , -0.31509302,
        0.44929612,  0.17608448,  0.35372038, -0.34510999, -0.13335017,
       -0.37389928, -0.23912997,  0.3849678 ,  0.29824255,  0.43695646,
       -0.15546352, -0.20305124,  0.14475767, -0.47513286,  0.37948709,
        0.01580777,  0.34864957,  0.10832324, -0.46453533,  0.34120747,
       -0.01226414, -0.2221909 , -0.40783517, -0.39335925, -0.29841897,
        0.49815394,  0.3191607 ,  0.09753293,  0.4597825 , -0.32015676,
        0.27576614, -0.44048549, -0.20845868,  0.03492766,  0.19369544,
        0.31200086, -0.35810483,  0.14191195, -0.23369602, -0.191036  ,
        0.12203236, -0.32951453, -0.33984763,  0.23541322]) 

Generation: 18 
 - Generation Avg Fit: 194.6245948067612 
 - Best Fitness: 414.0749949569357
 - Best Solution: array([ 0.01219113,  0.44952194,  0.15835561,  0.27518183, -0.12236911,
        0.14727486, -0.15089136,  0.43651995,  0.10380211,  0.20324794,
       -0.34307989,  0.02813664, -0.18649577,  0.10519753,  0.11559171,
       -0.48598838, -0.16739016,  0.39785135,  0.2680739 , -0.31509302,
        0.44929612,  0.17608448,  0.35372038, -0.34510999, -0.13335017,
       -0.37389928, -0.23912997,  0.3849678 ,  0.29824255,  0.43695646,
       -0.15546352, -0.20305124,  0.14475767, -0.47513286,  0.37948709,
        0.01580777,  0.34864957,  0.10832324, -0.46453533,  0.34120747,
       -0.01226414, -0.2221909 , -0.40783517, -0.39335925, -0.29841897,
        0.49815394,  0.3191607 ,  0.09753293,  0.4597825 , -0.32015676,
        0.27576614, -0.44048549, -0.20845868,  0.03492766,  0.19369544,
        0.31200086, -0.35810483,  0.14191195, -0.23369602, -0.191036  ,
        0.12203236, -0.32951453, -0.33984763,  0.23541322]) 

Generation: 19 
 - Generation Avg Fit: 197.87715292825098 
 - Best Fitness: 414.0749949569357
 - Best Solution: array([ 0.01219113,  0.44952194,  0.15835561,  0.27518183, -0.12236911,
        0.14727486, -0.15089136,  0.43651995,  0.10380211,  0.20324794,
       -0.34307989,  0.02813664, -0.18649577,  0.10519753,  0.11559171,
       -0.48598838, -0.16739016,  0.39785135,  0.2680739 , -0.31509302,
        0.44929612,  0.17608448,  0.35372038, -0.34510999, -0.13335017,
       -0.37389928, -0.23912997,  0.3849678 ,  0.29824255,  0.43695646,
       -0.15546352, -0.20305124,  0.14475767, -0.47513286,  0.37948709,
        0.01580777,  0.34864957,  0.10832324, -0.46453533,  0.34120747,
       -0.01226414, -0.2221909 , -0.40783517, -0.39335925, -0.29841897,
        0.49815394,  0.3191607 ,  0.09753293,  0.4597825 , -0.32015676,
        0.27576614, -0.44048549, -0.20845868,  0.03492766,  0.19369544,
        0.31200086, -0.35810483,  0.14191195, -0.23369602, -0.191036  ,
        0.12203236, -0.32951453, -0.33984763,  0.23541322]) 

Generation: 20 
 - Generation Avg Fit: 204.83278874698956 
 - Best Fitness: 414.0749949569357
 - Best Solution: array([ 0.01219113,  0.44952194,  0.15835561,  0.27518183, -0.12236911,
        0.14727486, -0.15089136,  0.43651995,  0.10380211,  0.20324794,
       -0.34307989,  0.02813664, -0.18649577,  0.10519753,  0.11559171,
       -0.48598838, -0.16739016,  0.39785135,  0.2680739 , -0.31509302,
        0.44929612,  0.17608448,  0.35372038, -0.34510999, -0.13335017,
       -0.37389928, -0.23912997,  0.3849678 ,  0.29824255,  0.43695646,
       -0.15546352, -0.20305124,  0.14475767, -0.47513286,  0.37948709,
        0.01580777,  0.34864957,  0.10832324, -0.46453533,  0.34120747,
       -0.01226414, -0.2221909 , -0.40783517, -0.39335925, -0.29841897,
        0.49815394,  0.3191607 ,  0.09753293,  0.4597825 , -0.32015676,
        0.27576614, -0.44048549, -0.20845868,  0.03492766,  0.19369544,
        0.31200086, -0.35810483,  0.14191195, -0.23369602, -0.191036  ,
        0.12203236, -0.32951453, -0.33984763,  0.23541322]) 

Generation: 21 
 - Generation Avg Fit: 199.83492522071788 
 - Best Fitness: 414.0749949569357
 - Best Solution: array([ 0.01219113,  0.44952194,  0.15835561,  0.27518183, -0.12236911,
        0.14727486, -0.15089136,  0.43651995,  0.10380211,  0.20324794,
       -0.34307989,  0.02813664, -0.18649577,  0.10519753,  0.11559171,
       -0.48598838, -0.16739016,  0.39785135,  0.2680739 , -0.31509302,
        0.44929612,  0.17608448,  0.35372038, -0.34510999, -0.13335017,
       -0.37389928, -0.23912997,  0.3849678 ,  0.29824255,  0.43695646,
       -0.15546352, -0.20305124,  0.14475767, -0.47513286,  0.37948709,
        0.01580777,  0.34864957,  0.10832324, -0.46453533,  0.34120747,
       -0.01226414, -0.2221909 , -0.40783517, -0.39335925, -0.29841897,
        0.49815394,  0.3191607 ,  0.09753293,  0.4597825 , -0.32015676,
        0.27576614, -0.44048549, -0.20845868,  0.03492766,  0.19369544,
        0.31200086, -0.35810483,  0.14191195, -0.23369602, -0.191036  ,
        0.12203236, -0.32951453, -0.33984763,  0.23541322]) 

Generation: 22 
 - Generation Avg Fit: 203.8892606284609 
 - Best Fitness: 414.0749949569357
 - Best Solution: array([ 0.01219113,  0.44952194,  0.15835561,  0.27518183, -0.12236911,
        0.14727486, -0.15089136,  0.43651995,  0.10380211,  0.20324794,
       -0.34307989,  0.02813664, -0.18649577,  0.10519753,  0.11559171,
       -0.48598838, -0.16739016,  0.39785135,  0.2680739 , -0.31509302,
        0.44929612,  0.17608448,  0.35372038, -0.34510999, -0.13335017,
       -0.37389928, -0.23912997,  0.3849678 ,  0.29824255,  0.43695646,
       -0.15546352, -0.20305124,  0.14475767, -0.47513286,  0.37948709,
        0.01580777,  0.34864957,  0.10832324, -0.46453533,  0.34120747,
       -0.01226414, -0.2221909 , -0.40783517, -0.39335925, -0.29841897,
        0.49815394,  0.3191607 ,  0.09753293,  0.4597825 , -0.32015676,
        0.27576614, -0.44048549, -0.20845868,  0.03492766,  0.19369544,
        0.31200086, -0.35810483,  0.14191195, -0.23369602, -0.191036  ,
        0.12203236, -0.32951453, -0.33984763,  0.23541322]) 

Generation: 23 
 - Generation Avg Fit: 195.04912169542672 
 - Best Fitness: 414.0749949569357
 - Best Solution: array([ 0.01219113,  0.44952194,  0.15835561,  0.27518183, -0.12236911,
        0.14727486, -0.15089136,  0.43651995,  0.10380211,  0.20324794,
       -0.34307989,  0.02813664, -0.18649577,  0.10519753,  0.11559171,
       -0.48598838, -0.16739016,  0.39785135,  0.2680739 , -0.31509302,
        0.44929612,  0.17608448,  0.35372038, -0.34510999, -0.13335017,
       -0.37389928, -0.23912997,  0.3849678 ,  0.29824255,  0.43695646,
       -0.15546352, -0.20305124,  0.14475767, -0.47513286,  0.37948709,
        0.01580777,  0.34864957,  0.10832324, -0.46453533,  0.34120747,
       -0.01226414, -0.2221909 , -0.40783517, -0.39335925, -0.29841897,
        0.49815394,  0.3191607 ,  0.09753293,  0.4597825 , -0.32015676,
        0.27576614, -0.44048549, -0.20845868,  0.03492766,  0.19369544,
        0.31200086, -0.35810483,  0.14191195, -0.23369602, -0.191036  ,
        0.12203236, -0.32951453, -0.33984763,  0.23541322]) 

Generation: 24 
 - Generation Avg Fit: 201.84033668627504 
 - Best Fitness: 414.0749949569357
 - Best Solution: array([ 0.01219113,  0.44952194,  0.15835561,  0.27518183, -0.12236911,
        0.14727486, -0.15089136,  0.43651995,  0.10380211,  0.20324794,
       -0.34307989,  0.02813664, -0.18649577,  0.10519753,  0.11559171,
       -0.48598838, -0.16739016,  0.39785135,  0.2680739 , -0.31509302,
        0.44929612,  0.17608448,  0.35372038, -0.34510999, -0.13335017,
       -0.37389928, -0.23912997,  0.3849678 ,  0.29824255,  0.43695646,
       -0.15546352, -0.20305124,  0.14475767, -0.47513286,  0.37948709,
        0.01580777,  0.34864957,  0.10832324, -0.46453533,  0.34120747,
       -0.01226414, -0.2221909 , -0.40783517, -0.39335925, -0.29841897,
        0.49815394,  0.3191607 ,  0.09753293,  0.4597825 , -0.32015676,
        0.27576614, -0.44048549, -0.20845868,  0.03492766,  0.19369544,
        0.31200086, -0.35810483,  0.14191195, -0.23369602, -0.191036  ,
        0.12203236, -0.32951453, -0.33984763,  0.23541322]) 
