
-------------------------------------------------------------------------------------------------------
                                --- Method Parameters ---                                            
-------------------------------------------------------------------------------------------------------

method: Microbial, pop_size: 200, gen_size: 3000, weight_search: 0.5, 

=======================================================================================================

Gen: 0 Fitness: 14.7144194265573 Weights: array([[ 0.07164762, -0.1064676 , -0.29640374, -0.42925831, -0.0332249 ,
        -0.37937048],
       [ 0.22619698,  0.37535303, -0.27141437, -0.04237814, -0.28704783,
         0.46042284],
       [ 0.38329037, -0.45388663,  0.04918656,  0.12099899, -0.11989378,
         0.23903358],
       [ 0.47447588, -0.19124449, -0.20209423,  0.45606328, -0.08418521,
        -0.22035852],
       [-0.28289062, -0.24810132,  0.22080865,  0.30291478,  0.00555591,
        -0.06923013],
       [ 0.29876555,  0.18024324,  0.27724615,  0.22705378,  0.00671417,
         0.36021709]]) 

Gen: 5 Fitness: 24.954140544648887 Weights: array([[-0.4840822 , -0.40691211,  0.07524829, -0.05557293, -0.319635  ,
        -0.08804501],
       [-0.12366961,  0.4015269 , -0.25192192,  0.1650389 , -0.26658865,
         0.48928033],
       [-0.43400097,  0.19384989,  0.25058792,  0.40220239,  0.15904988,
         0.28856614],
       [-0.39641471,  0.14369434,  0.2352694 ,  0.31959146,  0.357237  ,
         0.403204  ],
       [ 0.4880936 , -0.4067008 ,  0.18998196,  0.1258857 , -0.481264  ,
        -0.36831892],
       [-0.1303145 , -0.28585401,  0.0500299 ,  0.42110758,  0.33783427,
         0.31920866]]) 

Gen: 6 Fitness: 32.488429863862365 Weights: array([[-0.3600497 , -0.42839796,  0.37523097, -0.00816291,  0.46743052,
        -0.31684748],
       [-0.29498898,  0.3541464 ,  0.1006876 ,  0.25903791,  0.11682452,
        -0.16944926],
       [-0.45653243, -0.41324438,  0.09620306, -0.12493018,  0.34492808,
        -0.38953389],
       [ 0.08418144,  0.17263036, -0.1557452 ,  0.27275511, -0.07927327,
         0.39573036],
       [-0.14962625,  0.37509437,  0.2210352 , -0.12809455, -0.22275413,
         0.08763604],
       [ 0.06466922, -0.45219157,  0.02863426, -0.12910929,  0.19986951,
         0.095424  ]]) 

Gen: 8 Fitness: 97.69010047024773 Weights: array([[ 0.24600501, -0.05896404, -0.37680245,  0.41295187, -0.38686261,
         0.05159033],
       [ 0.10169389, -0.24384196, -0.2037004 ,  0.05583461, -0.17972376,
        -0.23333975],
       [ 0.13220442,  0.06632798, -0.42573667, -0.25056459,  0.32878833,
         0.20168361],
       [ 0.16737177, -0.29291248,  0.21219148,  0.37649171, -0.04361362,
         0.4342308 ],
       [-0.232316  ,  0.49732279,  0.41007186,  0.40139408,  0.42311906,
        -0.37803998],
       [-0.01180029, -0.14456477,  0.0793206 ,  0.39299488, -0.29445956,
        -0.28105532]]) 

Gen: 22 Fitness: 135.87654238051232 Weights: array([[ 0.22294021,  0.02462171,  0.36937983,  0.14532964, -0.30261821,
         0.18062197],
       [ 0.00392139,  0.1555226 , -0.50671915,  0.25158319,  0.02967048,
         0.00977326],
       [-0.24996776, -0.2722596 ,  0.17753955,  0.18144896, -0.10318718,
         0.09226842],
       [-0.37641471,  0.16369434,  0.2552694 ,  0.33959146,  0.377237  ,
         0.423204  ],
       [ 0.09984503, -0.12458838, -0.42437799,  0.32379672,  0.05120774,
        -0.17089281],
       [-0.1762065 ,  0.19003323, -0.32646912,  0.40828147, -0.22470833,
         0.11250272]]) 

Gen: 39 Fitness: 141.70133886512502 Weights: array([[ 0.23294021,  0.03462171,  0.37937983,  0.15532964, -0.29261821,
         0.19062197],
       [-0.14091817, -0.24728954, -0.32748307,  0.40874438,  0.03064158,
         0.02046998],
       [-0.44400097,  0.18384989,  0.24058792,  0.39220239,  0.14904988,
         0.27856614],
       [-0.38641471,  0.15369434,  0.2452694 ,  0.32959146,  0.367237  ,
         0.413204  ],
       [ 0.4880936 , -0.4067008 ,  0.18998196,  0.1258857 , -0.481264  ,
        -0.36831892],
       [ 0.38501655, -0.21964045,  0.00194798, -0.01572946, -0.07152641,
        -0.34284963]]) 

Gen: 113 Fitness: 152.5030455475931 Weights: array([[ 0.21294021,  0.01462171,  0.35937983,  0.13532964, -0.31261821,
         0.17062197],
       [ 0.26379044, -0.2069651 ,  0.34900753, -0.13827066,  0.03130823,
         0.09372867],
       [-0.19459897, -0.16277397,  0.16546225,  0.1967616 ,  0.06780292,
        -0.47264604],
       [-0.41641471,  0.12369434,  0.2152694 ,  0.29959146,  0.337237  ,
         0.383204  ],
       [ 0.06984503, -0.15458838, -0.45437799,  0.29379672,  0.02120774,
        -0.20089281],
       [ 0.32004913,  0.40143995, -0.26698131,  0.32891772, -0.191651  ,
         0.16039093]]) 

Gen: 116 Fitness: 166.05916385209974 Weights: array([[ 0.22294021,  0.02462171,  0.36937983,  0.14532964, -0.30261821,
         0.18062197],
       [ 0.26379044, -0.2069651 ,  0.34900753, -0.13827066,  0.03130823,
         0.09372867],
       [-0.19459897, -0.16277397,  0.16546225,  0.1967616 ,  0.06780292,
        -0.47264604],
       [-0.40641471,  0.13369434,  0.2252694 ,  0.30959146,  0.347237  ,
         0.393204  ],
       [ 0.05984503, -0.16458838, -0.46437799,  0.28379672,  0.01120774,
        -0.21089281],
       [ 0.32004913,  0.40143995, -0.26698131,  0.32891772, -0.191651  ,
         0.16039093]]) 

