
-------------------------------------------------------------------------------------------------------
                                --- Method Parameters ---                                            
-------------------------------------------------------------------------------------------------------

method: Microbial, sim_duration: 10, pop_size: 30, gen_size: 5000, weight_search: 0.5, 

=======================================================================================================

Gen: 0 Fitness: 1.1026725242847917 Weights: array([[ 0.48740546, -0.42764745,  0.49759174,  0.24604241, -0.33457735,
        -0.07977269],
       [ 0.2247681 ,  0.36910944, -0.02070714,  0.47716418,  0.11541903,
         0.47293043],
       [ 0.30452902,  0.43207298,  0.2108599 ,  0.15272668,  0.29533901,
        -0.42655632],
       [ 0.17330032,  0.05471625, -0.25657883, -0.19583373,  0.42565957,
        -0.22242969],
       [-0.09014256, -0.39992656,  0.36851019, -0.49028088,  0.30976415,
        -0.0410225 ],
       [-0.2503362 , -0.2167396 ,  0.2466751 ,  0.46384869, -0.13819103,
        -0.07242899]]) 

Gen: 1 Fitness: 22.969991701060685 Weights: array([[ 0.02695149, -0.38326738, -0.01775521, -0.22035291, -0.11333102,
         0.26173083],
       [-0.0247416 , -0.26873417,  0.25649687, -0.47012474,  0.4074013 ,
        -0.3557906 ],
       [-0.20623005,  0.46265791,  0.37111135,  0.17511658, -0.46060844,
        -0.30381955],
       [-0.42458675, -0.46921783, -0.36363474,  0.43826392, -0.15268838,
         0.356047  ],
       [ 0.2893483 ,  0.27479412,  0.43362798, -0.0866317 , -0.07673656,
         0.44868683],
       [ 0.39257599, -0.01000653, -0.29997891,  0.42732907,  0.30941682,
        -0.23336205]]) 

Gen: 2 Fitness: 35.34632537551598 Weights: array([[-0.24600785, -0.19160366,  0.44235023,  0.08269148,  0.17044522,
         0.05407705],
       [-0.07534676,  0.387238  , -0.31199239, -0.10644023, -0.13771829,
         0.3964637 ],
       [ 0.23441039,  0.45108136, -0.23360977,  0.26508707,  0.06845734,
        -0.29012021],
       [ 0.13014724,  0.2448941 , -0.46685086,  0.02614168,  0.314672  ,
         0.17702939],
       [ 0.49186742, -0.08421138, -0.06207614,  0.2737698 , -0.14944447,
         0.46390183],
       [-0.31006562, -0.47038692, -0.29886181,  0.40990169, -0.45244329,
        -0.12429509]]) 

Gen: 18 Fitness: 69.35385065459994 Weights: array([[ 0.49740546, -0.41764745,  0.50759174,  0.25604241, -0.32457735,
        -0.06977269],
       [-0.06534676,  0.397238  , -0.30199239, -0.09644023, -0.12771829,
         0.4064637 ],
       [ 0.23441039,  0.45108136, -0.23360977,  0.26508707,  0.06845734,
        -0.29012021],
       [ 0.12014724,  0.2348941 , -0.47685086,  0.01614168,  0.304672  ,
         0.16702939],
       [ 0.48186742, -0.09421138, -0.07207614,  0.2637698 , -0.15944447,
         0.45390183],
       [-0.30006562, -0.46038692, -0.28886181,  0.41990169, -0.44244329,
        -0.11429509]]) 

Gen: 25 Fitness: 71.90801328076576 Weights: array([[ 0.47740546, -0.43764745,  0.48759174,  0.23604241, -0.34457735,
        -0.08977269],
       [-0.06534676,  0.397238  , -0.30199239, -0.09644023, -0.12771829,
         0.4064637 ],
       [ 0.23441039,  0.45108136, -0.23360977,  0.26508707,  0.06845734,
        -0.29012021],
       [ 0.13014724,  0.2448941 , -0.46685086,  0.02614168,  0.314672  ,
         0.17702939],
       [ 0.48186742, -0.09421138, -0.07207614,  0.2637698 , -0.15944447,
         0.45390183],
       [-0.30006562, -0.46038692, -0.28886181,  0.41990169, -0.44244329,
        -0.11429509]]) 

Gen: 36 Fitness: 78.78116959354796 Weights: array([[ 0.51740546, -0.39764745,  0.52759174,  0.27604241, -0.30457735,
        -0.04977269],
       [-0.07534676,  0.387238  , -0.31199239, -0.10644023, -0.13771829,
         0.3964637 ],
       [ 0.22441039,  0.44108136, -0.24360977,  0.25508707,  0.05845734,
        -0.30012021],
       [ 0.15014724,  0.2648941 , -0.44685086,  0.04614168,  0.334672  ,
         0.19702939],
       [ 0.49186742, -0.08421138, -0.06207614,  0.2737698 , -0.14944447,
         0.46390183],
       [-0.29006562, -0.45038692, -0.27886181,  0.42990169, -0.43244329,
        -0.10429509]]) 

Gen: 38 Fitness: 79.97876423828065 Weights: array([[ 0.53740546, -0.37764745,  0.54759174,  0.29604241, -0.28457735,
        -0.02977269],
       [-0.08534676,  0.377238  , -0.32199239, -0.11644023, -0.14771829,
         0.3864637 ],
       [ 0.23441039,  0.45108136, -0.23360977,  0.26508707,  0.06845734,
        -0.29012021],
       [ 0.14014724,  0.2548941 , -0.45685086,  0.03614168,  0.324672  ,
         0.18702939],
       [ 0.48186742, -0.09421138, -0.07207614,  0.2637698 , -0.15944447,
         0.45390183],
       [-0.29006562, -0.45038692, -0.27886181,  0.42990169, -0.43244329,
        -0.10429509]]) 

Gen: 113 Fitness: 83.7127689937293 Weights: array([[ 0.55740546, -0.35764745,  0.56759174,  0.31604241, -0.26457735,
        -0.00977269],
       [-0.06534676,  0.397238  , -0.30199239, -0.09644023, -0.12771829,
         0.4064637 ],
       [ 0.20441039,  0.42108136, -0.26360977,  0.23508707,  0.03845734,
        -0.32012021],
       [ 0.16014724,  0.2748941 , -0.43685086,  0.05614168,  0.344672  ,
         0.20702939],
       [ 0.51186742, -0.06421138, -0.04207614,  0.2937698 , -0.12944447,
         0.48390183],
       [-0.29006562, -0.45038692, -0.27886181,  0.42990169, -0.43244329,
        -0.10429509]]) 

Gen: 133 Fitness: 84.73963528843521 Weights: array([[ 5.67405462e-01, -3.47647452e-01,  5.77591738e-01,
         3.26042411e-01, -2.54577349e-01,  2.27306032e-04],
       [-6.53467559e-02,  3.97237998e-01, -3.01992392e-01,
        -9.64402282e-02, -1.27718288e-01,  4.06463702e-01],
       [ 2.04410389e-01,  4.21081357e-01, -2.63609768e-01,
         2.35087071e-01,  3.84573441e-02, -3.20120208e-01],
       [ 1.60147242e-01,  2.74894099e-01, -4.36850863e-01,
         5.61416831e-02,  3.44671999e-01,  2.07029390e-01],
       [ 5.11867417e-01, -6.42113803e-02, -4.20761441e-02,
         2.93769801e-01, -1.29444474e-01,  4.83901831e-01],
       [-2.90065621e-01, -4.50386916e-01, -2.78861811e-01,
         4.29901686e-01, -4.32443293e-01, -1.04295087e-01]]) 

Gen: 167 Fitness: 88.13038893001784 Weights: array([[ 0.58740546, -0.32764745,  0.59759174,  0.34604241, -0.23457735,
         0.02022731],
       [-0.10534676,  0.357238  , -0.34199239, -0.13644023, -0.16771829,
         0.3664637 ],
       [ 0.22441039,  0.44108136, -0.24360977,  0.25508707,  0.05845734,
        -0.30012021],
       [ 0.15014724,  0.2648941 , -0.44685086,  0.04614168,  0.334672  ,
         0.19702939],
       [ 0.49186742, -0.08421138, -0.06207614,  0.2737698 , -0.14944447,
         0.46390183],
       [-0.28006562, -0.44038692, -0.26886181,  0.43990169, -0.42244329,
        -0.09429509]]) 

Gen: 305 Fitness: 88.24134034526107 Weights: array([[ 0.59740546, -0.31764745,  0.60759174,  0.35604241, -0.22457735,
         0.03022731],
       [-0.11534676,  0.347238  , -0.35199239, -0.14644023, -0.17771829,
         0.3564637 ],
       [ 0.22441039,  0.44108136, -0.24360977,  0.25508707,  0.05845734,
        -0.30012021],
       [ 0.14014724,  0.2548941 , -0.45685086,  0.03614168,  0.324672  ,
         0.18702939],
       [ 0.48186742, -0.09421138, -0.07207614,  0.2637698 , -0.15944447,
         0.45390183],
       [-0.26006562, -0.42038692, -0.24886181,  0.45990169, -0.40244329,
        -0.07429509]]) 

Gen: 642 Fitness: 89.03394023358567 Weights: array([[ 0.71740546, -0.19764745,  0.72759174,  0.47604241, -0.10457735,
         0.15022731],
       [-0.10534676,  0.357238  , -0.34199239, -0.13644023, -0.16771829,
         0.3664637 ],
       [ 0.24441039,  0.46108136, -0.22360977,  0.27508707,  0.07845734,
        -0.28012021],
       [ 0.13014724,  0.2448941 , -0.46685086,  0.02614168,  0.314672  ,
         0.17702939],
       [ 0.49186742, -0.08421138, -0.06207614,  0.2737698 , -0.14944447,
         0.46390183],
       [-0.33006562, -0.49038692, -0.31886181,  0.38990169, -0.47244329,
        -0.14429509]]) 

Gen: 674 Fitness: 90.50396331648989 Weights: array([[ 0.70740546, -0.20764745,  0.71759174,  0.46604241, -0.11457735,
         0.14022731],
       [-0.09534676,  0.367238  , -0.33199239, -0.12644023, -0.15771829,
         0.3764637 ],
       [ 0.23441039,  0.45108136, -0.23360977,  0.26508707,  0.06845734,
        -0.29012021],
       [ 0.14014724,  0.2548941 , -0.45685086,  0.03614168,  0.324672  ,
         0.18702939],
       [ 0.49186742, -0.08421138, -0.06207614,  0.2737698 , -0.14944447,
         0.46390183],
       [-0.31006562, -0.47038692, -0.29886181,  0.40990169, -0.45244329,
        -0.12429509]]) 

Gen: 737 Fitness: 90.93827881584383 Weights: array([[ 0.65740546, -0.25764745,  0.66759174,  0.41604241, -0.16457735,
         0.09022731],
       [-0.06534676,  0.397238  , -0.30199239, -0.09644023, -0.12771829,
         0.4064637 ],
       [ 0.24441039,  0.46108136, -0.22360977,  0.27508707,  0.07845734,
        -0.28012021],
       [ 0.15014724,  0.2648941 , -0.44685086,  0.04614168,  0.334672  ,
         0.19702939],
       [ 0.48186742, -0.09421138, -0.07207614,  0.2637698 , -0.15944447,
         0.45390183],
       [-0.32006562, -0.48038692, -0.30886181,  0.39990169, -0.46244329,
        -0.13429509]]) 

Gen: 845 Fitness: 91.42113738772792 Weights: array([[ 0.68740546, -0.22764745,  0.69759174,  0.44604241, -0.13457735,
         0.12022731],
       [-0.08534676,  0.377238  , -0.32199239, -0.11644023, -0.14771829,
         0.3864637 ],
       [ 0.23441039,  0.45108136, -0.23360977,  0.26508707,  0.06845734,
        -0.29012021],
       [ 0.16014724,  0.2748941 , -0.43685086,  0.05614168,  0.344672  ,
         0.20702939],
       [ 0.51186742, -0.06421138, -0.04207614,  0.2937698 , -0.12944447,
         0.48390183],
       [-0.35006562, -0.51038692, -0.33886181,  0.36990169, -0.49244329,
        -0.16429509]]) 

Gen: 1088 Fitness: 92.15753830987485 Weights: array([[ 0.67740546, -0.23764745,  0.68759174,  0.43604241, -0.14457735,
         0.11022731],
       [-0.07534676,  0.387238  , -0.31199239, -0.10644023, -0.13771829,
         0.3964637 ],
       [ 0.22441039,  0.44108136, -0.24360977,  0.25508707,  0.05845734,
        -0.30012021],
       [ 0.17014724,  0.2848941 , -0.42685086,  0.06614168,  0.354672  ,
         0.21702939],
       [ 0.52186742, -0.05421138, -0.03207614,  0.3037698 , -0.11944447,
         0.49390183],
       [-0.35006562, -0.51038692, -0.33886181,  0.36990169, -0.49244329,
        -0.16429509]]) 

Gen: 1097 Fitness: 94.09077325241552 Weights: array([[ 0.67740546, -0.23764745,  0.68759174,  0.43604241, -0.14457735,
         0.11022731],
       [-0.11534676,  0.347238  , -0.35199239, -0.14644023, -0.17771829,
         0.3564637 ],
       [ 0.22441039,  0.44108136, -0.24360977,  0.25508707,  0.05845734,
        -0.30012021],
       [ 0.18014724,  0.2948941 , -0.41685086,  0.07614168,  0.364672  ,
         0.22702939],
       [ 0.53186742, -0.04421138, -0.02207614,  0.3137698 , -0.10944447,
         0.50390183],
       [-0.35006562, -0.51038692, -0.33886181,  0.36990169, -0.49244329,
        -0.16429509]]) 

Gen: 2063 Fitness: 94.1907331422149 Weights: array([[ 0.69740546, -0.21764745,  0.70759174,  0.45604241, -0.12457735,
         0.13022731],
       [-0.03534676,  0.427238  , -0.27199239, -0.06644023, -0.09771829,
         0.4364637 ],
       [ 0.23441039,  0.45108136, -0.23360977,  0.26508707,  0.06845734,
        -0.29012021],
       [ 0.18014724,  0.2948941 , -0.41685086,  0.07614168,  0.364672  ,
         0.22702939],
       [ 0.54186742, -0.03421138, -0.01207614,  0.3237698 , -0.09944447,
         0.51390183],
       [-0.43006562, -0.59038692, -0.41886181,  0.28990169, -0.57244329,
        -0.24429509]]) 

Gen: 2119 Fitness: 94.94933668953846 Weights: array([[ 0.69740546, -0.21764745,  0.70759174,  0.45604241, -0.12457735,
         0.13022731],
       [-0.03534676,  0.427238  , -0.27199239, -0.06644023, -0.09771829,
         0.4364637 ],
       [ 0.23441039,  0.45108136, -0.23360977,  0.26508707,  0.06845734,
        -0.29012021],
       [ 0.19014724,  0.3048941 , -0.40685086,  0.08614168,  0.374672  ,
         0.23702939],
       [ 0.56186742, -0.01421138,  0.00792386,  0.3437698 , -0.07944447,
         0.53390183],
       [-0.47006562, -0.63038692, -0.45886181,  0.24990169, -0.61244329,
        -0.28429509]]) 

Gen: 2252 Fitness: 95.35185707479503 Weights: array([[ 0.68740546, -0.22764745,  0.69759174,  0.44604241, -0.13457735,
         0.12022731],
       [-0.04534676,  0.417238  , -0.28199239, -0.07644023, -0.10771829,
         0.4264637 ],
       [ 0.22441039,  0.44108136, -0.24360977,  0.25508707,  0.05845734,
        -0.30012021],
       [ 0.20014724,  0.3148941 , -0.39685086,  0.09614168,  0.384672  ,
         0.24702939],
       [ 0.57186742, -0.00421138,  0.01792386,  0.3537698 , -0.06944447,
         0.54390183],
       [-0.46006562, -0.62038692, -0.44886181,  0.25990169, -0.60244329,
        -0.27429509]]) 

Gen: 2257 Fitness: 95.60384698247265 Weights: array([[ 0.70740546, -0.20764745,  0.71759174,  0.46604241, -0.11457735,
         0.14022731],
       [-0.03534676,  0.427238  , -0.27199239, -0.06644023, -0.09771829,
         0.4364637 ],
       [ 0.23441039,  0.45108136, -0.23360977,  0.26508707,  0.06845734,
        -0.29012021],
       [ 0.19014724,  0.3048941 , -0.40685086,  0.08614168,  0.374672  ,
         0.23702939],
       [ 0.56186742, -0.01421138,  0.00792386,  0.3437698 , -0.07944447,
         0.53390183],
       [-0.47006562, -0.63038692, -0.45886181,  0.24990169, -0.61244329,
        -0.28429509]]) 

Gen: 2269 Fitness: 95.86397123202644 Weights: array([[ 0.67740546, -0.23764745,  0.68759174,  0.43604241, -0.14457735,
         0.11022731],
       [-0.04534676,  0.417238  , -0.28199239, -0.07644023, -0.10771829,
         0.4264637 ],
       [ 0.21441039,  0.43108136, -0.25360977,  0.24508707,  0.04845734,
        -0.31012021],
       [ 0.21014724,  0.3248941 , -0.38685086,  0.10614168,  0.394672  ,
         0.25702939],
       [ 0.58186742,  0.00578862,  0.02792386,  0.3637698 , -0.05944447,
         0.55390183],
       [-0.46006562, -0.62038692, -0.44886181,  0.25990169, -0.60244329,
        -0.27429509]]) 

Gen: 2297 Fitness: 96.46877677595143 Weights: array([[ 0.74740546, -0.16764745,  0.75759174,  0.50604241, -0.07457735,
         0.18022731],
       [-0.04534676,  0.417238  , -0.28199239, -0.07644023, -0.10771829,
         0.4264637 ],
       [ 0.24441039,  0.46108136, -0.22360977,  0.27508707,  0.07845734,
        -0.28012021],
       [ 0.18014724,  0.2948941 , -0.41685086,  0.07614168,  0.364672  ,
         0.22702939],
       [ 0.55186742, -0.02421138, -0.00207614,  0.3337698 , -0.08944447,
         0.52390183],
       [-0.47006562, -0.63038692, -0.45886181,  0.24990169, -0.61244329,
        -0.28429509]]) 

Gen: 2452 Fitness: 96.67923428903697 Weights: array([[ 0.73740546, -0.17764745,  0.74759174,  0.49604241, -0.08457735,
         0.17022731],
       [-0.04534676,  0.417238  , -0.28199239, -0.07644023, -0.10771829,
         0.4264637 ],
       [ 0.24441039,  0.46108136, -0.22360977,  0.27508707,  0.07845734,
        -0.28012021],
       [ 0.18014724,  0.2948941 , -0.41685086,  0.07614168,  0.364672  ,
         0.22702939],
       [ 0.55186742, -0.02421138, -0.00207614,  0.3337698 , -0.08944447,
         0.52390183],
       [-0.47006562, -0.63038692, -0.45886181,  0.24990169, -0.61244329,
        -0.28429509]]) 

Gen: 2504 Fitness: 96.81048913798202 Weights: array([[ 0.74740546, -0.16764745,  0.75759174,  0.50604241, -0.07457735,
         0.18022731],
       [-0.04534676,  0.417238  , -0.28199239, -0.07644023, -0.10771829,
         0.4264637 ],
       [ 0.26441039,  0.48108136, -0.20360977,  0.29508707,  0.09845734,
        -0.26012021],
       [ 0.19014724,  0.3048941 , -0.40685086,  0.08614168,  0.374672  ,
         0.23702939],
       [ 0.55186742, -0.02421138, -0.00207614,  0.3337698 , -0.08944447,
         0.52390183],
       [-0.51006562, -0.67038692, -0.49886181,  0.20990169, -0.65244329,
        -0.32429509]]) 

Gen: 2531 Fitness: 97.53766965093095 Weights: array([[ 0.77740546, -0.13764745,  0.78759174,  0.53604241, -0.04457735,
         0.21022731],
       [-0.03534676,  0.427238  , -0.27199239, -0.06644023, -0.09771829,
         0.4364637 ],
       [ 0.25441039,  0.47108136, -0.21360977,  0.28508707,  0.08845734,
        -0.27012021],
       [ 0.18014724,  0.2948941 , -0.41685086,  0.07614168,  0.364672  ,
         0.22702939],
       [ 0.56186742, -0.01421138,  0.00792386,  0.3437698 , -0.07944447,
         0.53390183],
       [-0.52006562, -0.68038692, -0.50886181,  0.19990169, -0.66244329,
        -0.33429509]]) 

Gen: 2568 Fitness: 97.94325031685848 Weights: array([[ 0.73740546, -0.17764745,  0.74759174,  0.49604241, -0.08457735,
         0.17022731],
       [-0.02534676,  0.437238  , -0.26199239, -0.05644023, -0.08771829,
         0.4464637 ],
       [ 0.26441039,  0.48108136, -0.20360977,  0.29508707,  0.09845734,
        -0.26012021],
       [ 0.19014724,  0.3048941 , -0.40685086,  0.08614168,  0.374672  ,
         0.23702939],
       [ 0.55186742, -0.02421138, -0.00207614,  0.3337698 , -0.08944447,
         0.52390183],
       [-0.52006562, -0.68038692, -0.50886181,  0.19990169, -0.66244329,
        -0.33429509]]) 

Gen: 2993 Fitness: 97.9662859241305 Weights: array([[ 0.73740546, -0.17764745,  0.74759174,  0.49604241, -0.08457735,
         0.17022731],
       [-0.02534676,  0.437238  , -0.26199239, -0.05644023, -0.08771829,
         0.4464637 ],
       [ 0.27441039,  0.49108136, -0.19360977,  0.30508707,  0.10845734,
        -0.25012021],
       [ 0.19014724,  0.3048941 , -0.40685086,  0.08614168,  0.374672  ,
         0.23702939],
       [ 0.54186742, -0.03421138, -0.01207614,  0.3237698 , -0.09944447,
         0.51390183],
       [-0.52006562, -0.68038692, -0.50886181,  0.19990169, -0.66244329,
        -0.33429509]]) 

