
-------------------------------------------------------------------------------------------------------
                                --- Method Parameters ---                                            
-------------------------------------------------------------------------------------------------------

method: Microbial, sim_duration: 10, pop_size: 30, gen_size: 5000, weight_search: 0.5, 

=======================================================================================================

Gen: 0 Fitness: -3.76113751543744 Weights: array([[ 0.13091501, -0.03525594,  0.27057958, -0.23289349, -0.13892496,
         0.44234074],
       [ 0.1593061 , -0.13695645, -0.1649468 ,  0.14530365, -0.01446604,
        -0.18247187],
       [-0.06197805,  0.30480506,  0.09053934,  0.24047991,  0.34163999,
         0.31944404],
       [ 0.04479211,  0.09373211,  0.34750906,  0.44316119,  0.49867364,
         0.3645237 ],
       [-0.10981101,  0.05157786,  0.45874625,  0.25996236, -0.37438236,
         0.27572374],
       [ 0.42054523, -0.40000519,  0.00312403, -0.31904193, -0.15234236,
        -0.13576186]]) 

Gen: 2 Fitness: 2.991424233098499 Weights: array([[ 0.44662625,  0.35326736,  0.43077831,  0.10837273,  0.05957929,
         0.33142646],
       [ 0.14074843,  0.10823245,  0.25893519,  0.1875404 ,  0.0358998 ,
        -0.11760812],
       [ 0.26510409,  0.45287333,  0.357804  ,  0.00903461, -0.10230633,
         0.13248069],
       [-0.13790213, -0.2684675 ,  0.07409233,  0.27288254, -0.01507671,
        -0.32566594],
       [ 0.01088167, -0.22358163,  0.25399573,  0.27314017, -0.2653453 ,
         0.45567665],
       [ 0.10454908,  0.16174556, -0.47483764, -0.25698769,  0.34071045,
        -0.02610956]]) 

Gen: 5 Fitness: 88.14865862489566 Weights: array([[ 0.13091501, -0.03525594,  0.27057958, -0.23289349, -0.13892496,
         0.44234074],
       [ 0.1593061 , -0.13695645, -0.1649468 ,  0.14530365, -0.01446604,
        -0.18247187],
       [ 0.40827448,  0.35671289,  0.09563619,  0.29022593, -0.16279372,
         0.20443354],
       [ 0.03479211,  0.08373211,  0.33750906,  0.43316119,  0.48867364,
         0.3545237 ],
       [ 0.02512654,  0.02771416, -0.26137516, -0.08625159,  0.18276979,
        -0.06206655],
       [ 0.41054523, -0.41000519, -0.00687597, -0.32904193, -0.16234236,
        -0.14576186]]) 

Gen: 35 Fitness: 91.52913766469999 Weights: array([[ 0.14091501, -0.02525594,  0.28057958, -0.22289349, -0.12892496,
         0.45234074],
       [ 0.1593061 , -0.13695645, -0.1649468 ,  0.14530365, -0.01446604,
        -0.18247187],
       [ 0.40827448,  0.35671289,  0.09563619,  0.29022593, -0.16279372,
         0.20443354],
       [ 0.00479211,  0.05373211,  0.30750906,  0.40316119,  0.45867364,
         0.3245237 ],
       [ 0.01512654,  0.01771416, -0.27137516, -0.09625159,  0.17276979,
        -0.07206655],
       [ 0.42054523, -0.40000519,  0.00312403, -0.31904193, -0.15234236,
        -0.13576186]]) 

Gen: 42 Fitness: 93.01160624246022 Weights: array([[ 0.12091501, -0.04525594,  0.26057958, -0.24289349, -0.14892496,
         0.43234074],
       [ 0.1393061 , -0.15695645, -0.1849468 ,  0.12530365, -0.03446604,
        -0.20247187],
       [ 0.40827448,  0.35671289,  0.09563619,  0.29022593, -0.16279372,
         0.20443354],
       [ 0.02479211,  0.07373211,  0.32750906,  0.42316119,  0.47867364,
         0.3445237 ],
       [ 0.04512654,  0.04771416, -0.24137516, -0.06625159,  0.20276979,
        -0.04206655],
       [ 0.40054523, -0.42000519, -0.01687597, -0.33904193, -0.17234236,
        -0.15576186]]) 

Gen: 47 Fitness: 96.44452489810726 Weights: array([[ 0.13091501, -0.03525594,  0.27057958, -0.23289349, -0.13892496,
         0.44234074],
       [ 0.1693061 , -0.12695645, -0.1549468 ,  0.15530365, -0.00446604,
        -0.17247187],
       [ 0.40827448,  0.35671289,  0.09563619,  0.29022593, -0.16279372,
         0.20443354],
       [ 0.00479211,  0.05373211,  0.30750906,  0.40316119,  0.45867364,
         0.3245237 ],
       [ 0.01512654,  0.01771416, -0.27137516, -0.09625159,  0.17276979,
        -0.07206655],
       [ 0.40054523, -0.42000519, -0.01687597, -0.33904193, -0.17234236,
        -0.15576186]]) 

Gen: 69 Fitness: 98.95014609279876 Weights: array([[ 0.14091501, -0.02525594,  0.28057958, -0.22289349, -0.12892496,
         0.45234074],
       [ 0.1693061 , -0.12695645, -0.1549468 ,  0.15530365, -0.00446604,
        -0.17247187],
       [ 0.38827448,  0.33671289,  0.07563619,  0.27022593, -0.18279372,
         0.18443354],
       [ 0.00479211,  0.05373211,  0.30750906,  0.40316119,  0.45867364,
         0.3245237 ],
       [ 0.04512654,  0.04771416, -0.24137516, -0.06625159,  0.20276979,
        -0.04206655],
       [ 0.40054523, -0.42000519, -0.01687597, -0.33904193, -0.17234236,
        -0.15576186]]) 

Gen: 115 Fitness: 99.05805094844193 Weights: array([[ 0.14091501, -0.02525594,  0.28057958, -0.22289349, -0.12892496,
         0.45234074],
       [ 0.1593061 , -0.13695645, -0.1649468 ,  0.14530365, -0.01446604,
        -0.18247187],
       [ 0.42827448,  0.37671289,  0.11563619,  0.31022593, -0.14279372,
         0.22443354],
       [-0.00520789,  0.04373211,  0.29750906,  0.39316119,  0.44867364,
         0.3145237 ],
       [ 0.03512654,  0.03771416, -0.25137516, -0.07625159,  0.19276979,
        -0.05206655],
       [ 0.37054523, -0.45000519, -0.04687597, -0.36904193, -0.20234236,
        -0.18576186]]) 

Gen: 152 Fitness: 99.27403277646972 Weights: array([[ 0.13091501, -0.03525594,  0.27057958, -0.23289349, -0.13892496,
         0.44234074],
       [ 0.2093061 , -0.08695645, -0.1149468 ,  0.19530365,  0.03553396,
        -0.13247187],
       [ 0.41827448,  0.36671289,  0.10563619,  0.30022593, -0.15279372,
         0.21443354],
       [ 0.06479211,  0.11373211,  0.36750906,  0.46316119,  0.51867364,
         0.3845237 ],
       [ 0.01512654,  0.01771416, -0.27137516, -0.09625159,  0.17276979,
        -0.07206655],
       [ 0.35054523, -0.47000519, -0.06687597, -0.38904193, -0.22234236,
        -0.20576186]]) 

Gen: 155 Fitness: 103.8997205427113 Weights: array([[ 0.11091501, -0.05525594,  0.25057958, -0.25289349, -0.15892496,
         0.42234074],
       [ 0.2093061 , -0.08695645, -0.1149468 ,  0.19530365,  0.03553396,
        -0.13247187],
       [ 0.40827448,  0.35671289,  0.09563619,  0.29022593, -0.16279372,
         0.20443354],
       [ 0.06479211,  0.11373211,  0.36750906,  0.46316119,  0.51867364,
         0.3845237 ],
       [ 0.02512654,  0.02771416, -0.26137516, -0.08625159,  0.18276979,
        -0.06206655],
       [ 0.34054523, -0.48000519, -0.07687597, -0.39904193, -0.23234236,
        -0.21576186]]) 

Gen: 188 Fitness: 110.48380750800271 Weights: array([[ 0.15091501, -0.01525594,  0.29057958, -0.21289349, -0.11892496,
         0.46234074],
       [ 0.1993061 , -0.09695645, -0.1249468 ,  0.18530365,  0.02553396,
        -0.14247187],
       [ 0.42827448,  0.37671289,  0.11563619,  0.31022593, -0.14279372,
         0.22443354],
       [ 0.07479211,  0.12373211,  0.37750906,  0.47316119,  0.52867364,
         0.3945237 ],
       [ 0.05512654,  0.05771416, -0.23137516, -0.05625159,  0.21276979,
        -0.03206655],
       [ 0.31054523, -0.51000519, -0.10687597, -0.42904193, -0.26234236,
        -0.24576186]]) 

Gen: 189 Fitness: 118.82550754566074 Weights: array([[ 0.17091501,  0.00474406,  0.31057958, -0.19289349, -0.09892496,
         0.48234074],
       [ 0.1993061 , -0.09695645, -0.1249468 ,  0.18530365,  0.02553396,
        -0.14247187],
       [ 0.44827448,  0.39671289,  0.13563619,  0.33022593, -0.12279372,
         0.24443354],
       [ 0.07479211,  0.12373211,  0.37750906,  0.47316119,  0.52867364,
         0.3945237 ],
       [ 0.05512654,  0.05771416, -0.23137516, -0.05625159,  0.21276979,
        -0.03206655],
       [ 0.29054523, -0.53000519, -0.12687597, -0.44904193, -0.28234236,
        -0.26576186]]) 

Gen: 217 Fitness: 119.48005430551669 Weights: array([[ 0.17091501,  0.00474406,  0.31057958, -0.19289349, -0.09892496,
         0.48234074],
       [ 0.1893061 , -0.10695645, -0.1349468 ,  0.17530365,  0.01553396,
        -0.15247187],
       [ 0.44827448,  0.39671289,  0.13563619,  0.33022593, -0.12279372,
         0.24443354],
       [ 0.07479211,  0.12373211,  0.37750906,  0.47316119,  0.52867364,
         0.3945237 ],
       [ 0.04512654,  0.04771416, -0.24137516, -0.06625159,  0.20276979,
        -0.04206655],
       [ 0.30054523, -0.52000519, -0.11687597, -0.43904193, -0.27234236,
        -0.25576186]]) 

Gen: 256 Fitness: 122.5328300839437 Weights: array([[ 0.19091501,  0.02474406,  0.33057958, -0.17289349, -0.07892496,
         0.50234074],
       [ 0.2293061 , -0.06695645, -0.0949468 ,  0.21530365,  0.05553396,
        -0.11247187],
       [ 0.45827448,  0.40671289,  0.14563619,  0.34022593, -0.11279372,
         0.25443354],
       [ 0.09479211,  0.14373211,  0.39750906,  0.49316119,  0.54867364,
         0.4145237 ],
       [ 0.06512654,  0.06771416, -0.22137516, -0.04625159,  0.22276979,
        -0.02206655],
       [ 0.25054523, -0.57000519, -0.16687597, -0.48904193, -0.32234236,
        -0.30576186]]) 

