
-------------------------------------------------------------------------------------------------------
                                --- Method Parameters ---                                            
-------------------------------------------------------------------------------------------------------

method: Microbial, pop_size: 100, gen_size: 3000, weight_search: 0.5, duration: 10

=======================================================================================================

Gen: 0 Fitness: 17.92045865639207 Weights: array([[ 0.26676444,  0.12473147,  0.25999123,  0.45965794, -0.30943161,
         0.35146948],
       [-0.03175627, -0.01210023, -0.19052625,  0.11268378, -0.36290515,
         0.24361291],
       [ 0.3544578 ,  0.26374046, -0.09393099, -0.38344893,  0.29230215,
         0.34106664],
       [ 0.17934534, -0.30173324,  0.41134091, -0.01123671,  0.40769606,
        -0.27681952],
       [-0.16468561,  0.48173576,  0.47514416,  0.43925889, -0.30122809,
         0.39618017],
       [ 0.08784641, -0.06011732,  0.31230249,  0.02750159, -0.20867246,
        -0.0918762 ]]) 

Gen: 2 Fitness: 84.65528837650078 Weights: array([[ 0.08308602,  0.02446407,  0.39560735,  0.01013283,  0.10765591,
        -0.42120001],
       [ 0.3466218 ,  0.18935382, -0.16719909, -0.43383783, -0.27692423,
        -0.48913413],
       [-0.12407284, -0.47253484, -0.30454607,  0.41675391,  0.42107174,
        -0.08973011],
       [-0.28385156,  0.13356282,  0.34227616,  0.42067646,  0.36138679,
         0.41827846],
       [ 0.46336283,  0.44798609,  0.25882613,  0.4683178 , -0.01759176,
         0.09269983],
       [-0.04574034, -0.12571795, -0.051231  , -0.22709094, -0.44426957,
         0.07891164]]) 

Gen: 15 Fitness: 114.25423008100216 Weights: array([[ 0.39043244, -0.10862737, -0.32878227, -0.37016561,  0.02791863,
        -0.36372504],
       [ 0.20315222,  0.27604932, -0.22199599,  0.17749954, -0.24253678,
         0.3050492 ],
       [ 0.09333024, -0.13677226,  0.21065475,  0.4189526 , -0.10755965,
         0.04114163],
       [-0.29385156,  0.12356282,  0.33227616,  0.41067646,  0.35138679,
         0.40827846],
       [ 0.37345552, -0.26845018, -0.15074138,  0.04319313, -0.24671646,
         0.13401826],
       [ 0.15071031, -0.49178199,  0.42936814, -0.18260516, -0.17883715,
         0.18511254]]) 

Gen: 27 Fitness: 145.30369093589493 Weights: array([[-0.03267713,  0.42960244,  0.38770373,  0.32692003, -0.07896023,
         0.34343368],
       [ 0.3566218 ,  0.19935382, -0.15719909, -0.42383783, -0.26692423,
        -0.47913413],
       [-0.13407284, -0.48253484, -0.31454607,  0.40675391,  0.41107174,
        -0.09973011],
       [-0.28385156,  0.13356282,  0.34227616,  0.42067646,  0.36138679,
         0.41827846],
       [ 0.46336283,  0.44798609,  0.25882613,  0.4683178 , -0.01759176,
         0.09269983],
       [-0.04574034, -0.12571795, -0.051231  , -0.22709094, -0.44426957,
         0.07891164]]) 

Gen: 234 Fitness: 152.30104258813603 Weights: array([[ 0.00609441, -0.06210783, -0.05881876,  0.41958274, -0.15502551,
         0.16213835],
       [ 0.18315222,  0.25604932, -0.24199599,  0.15749954, -0.26253678,
         0.2850492 ],
       [-0.13407284, -0.48253484, -0.31454607,  0.40675391,  0.41107174,
        -0.09973011],
       [ 0.14144623,  0.35186753,  0.25031617,  0.27587665,  0.36507576,
         0.47203673],
       [ 0.28844535, -0.14424245,  0.07313082,  0.42879289, -0.40858566,
        -0.13083603],
       [-0.05574034, -0.13571795, -0.061231  , -0.23709094, -0.45426957,
         0.06891164]]) 

Gen: 248 Fitness: 173.08945450460783 Weights: array([[ 0.01609441, -0.05210783, -0.04881876,  0.42958274, -0.14502551,
         0.17213835],
       [ 0.18315222,  0.25604932, -0.24199599,  0.15749954, -0.26253678,
         0.2850492 ],
       [-0.11407284, -0.46253484, -0.29454607,  0.42675391,  0.43107174,
        -0.07973011],
       [ 0.13144623,  0.34186753,  0.24031617,  0.26587665,  0.35507576,
         0.46203673],
       [ 0.27844535, -0.15424245,  0.06313082,  0.41879289, -0.41858566,
        -0.14083603],
       [-0.04574034, -0.12571795, -0.051231  , -0.22709094, -0.44426957,
         0.07891164]]) 

Gen: 284 Fitness: 173.10117438429424 Weights: array([[ 0.01609441, -0.05210783, -0.04881876,  0.42958274, -0.14502551,
         0.17213835],
       [ 0.19315222,  0.26604932, -0.23199599,  0.16749954, -0.25253678,
         0.2950492 ],
       [-0.13407284, -0.48253484, -0.31454607,  0.40675391,  0.41107174,
        -0.09973011],
       [ 0.13144623,  0.34186753,  0.24031617,  0.26587665,  0.35507576,
         0.46203673],
       [ 0.28844535, -0.14424245,  0.07313082,  0.42879289, -0.40858566,
        -0.13083603],
       [-0.05574034, -0.13571795, -0.061231  , -0.23709094, -0.45426957,
         0.06891164]]) 

Gen: 285 Fitness: 173.95195300646367 Weights: array([[ 0.00609441, -0.06210783, -0.05881876,  0.41958274, -0.15502551,
         0.16213835],
       [ 0.20315222,  0.27604932, -0.22199599,  0.17749954, -0.24253678,
         0.3050492 ],
       [-0.13407284, -0.48253484, -0.31454607,  0.40675391,  0.41107174,
        -0.09973011],
       [ 0.13144623,  0.34186753,  0.24031617,  0.26587665,  0.35507576,
         0.46203673],
       [ 0.27844535, -0.15424245,  0.06313082,  0.41879289, -0.41858566,
        -0.14083603],
       [-0.04574034, -0.12571795, -0.051231  , -0.22709094, -0.44426957,
         0.07891164]]) 

Gen: 292 Fitness: 176.80775656214115 Weights: array([[ 0.05609441, -0.01210783, -0.00881876,  0.46958274, -0.10502551,
         0.21213835],
       [ 0.22315222,  0.29604932, -0.20199599,  0.19749954, -0.22253678,
         0.3250492 ],
       [-0.14407284, -0.49253484, -0.32454607,  0.39675391,  0.40107174,
        -0.10973011],
       [ 0.13144623,  0.34186753,  0.24031617,  0.26587665,  0.35507576,
         0.46203673],
       [ 0.26844535, -0.16424245,  0.05313082,  0.40879289, -0.42858566,
        -0.15083603],
       [-0.03574034, -0.11571795, -0.041231  , -0.21709094, -0.43426957,
         0.08891164]]) 

Gen: 302 Fitness: 182.220582172178 Weights: array([[ 0.00609441, -0.06210783, -0.05881876,  0.41958274, -0.15502551,
         0.16213835],
       [ 0.20315222,  0.27604932, -0.22199599,  0.17749954, -0.24253678,
         0.3050492 ],
       [-0.13407284, -0.48253484, -0.31454607,  0.40675391,  0.41107174,
        -0.09973011],
       [ 0.12144623,  0.33186753,  0.23031617,  0.25587665,  0.34507576,
         0.45203673],
       [ 0.27844535, -0.15424245,  0.06313082,  0.41879289, -0.41858566,
        -0.14083603],
       [-0.05574034, -0.13571795, -0.061231  , -0.23709094, -0.45426957,
         0.06891164]]) 

Gen: 313 Fitness: 183.54907796397532 Weights: array([[ 0.01609441, -0.05210783, -0.04881876,  0.42958274, -0.14502551,
         0.17213835],
       [ 0.18315222,  0.25604932, -0.24199599,  0.15749954, -0.26253678,
         0.2850492 ],
       [-0.12407284, -0.47253484, -0.30454607,  0.41675391,  0.42107174,
        -0.08973011],
       [ 0.12144623,  0.33186753,  0.23031617,  0.25587665,  0.34507576,
         0.45203673],
       [ 0.28844535, -0.14424245,  0.07313082,  0.42879289, -0.40858566,
        -0.13083603],
       [-0.05574034, -0.13571795, -0.061231  , -0.23709094, -0.45426957,
         0.06891164]]) 

Gen: 317 Fitness: 195.04582723641997 Weights: array([[ 0.03609441, -0.03210783, -0.02881876,  0.44958274, -0.12502551,
         0.19213835],
       [ 0.18315222,  0.25604932, -0.24199599,  0.15749954, -0.26253678,
         0.2850492 ],
       [-0.13407284, -0.48253484, -0.31454607,  0.40675391,  0.41107174,
        -0.09973011],
       [ 0.11144623,  0.32186753,  0.22031617,  0.24587665,  0.33507576,
         0.44203673],
       [ 0.27844535, -0.15424245,  0.06313082,  0.41879289, -0.41858566,
        -0.14083603],
       [-0.01574034, -0.09571795, -0.021231  , -0.19709094, -0.41426957,
         0.10891164]]) 

Gen: 380 Fitness: 199.08214264148742 Weights: array([[ 0.13609441,  0.06789217,  0.07118124,  0.54958274, -0.02502551,
         0.29213835],
       [ 0.16315222,  0.23604932, -0.26199599,  0.13749954, -0.28253678,
         0.2650492 ],
       [-0.13407284, -0.48253484, -0.31454607,  0.40675391,  0.41107174,
        -0.09973011],
       [ 0.13144623,  0.34186753,  0.24031617,  0.26587665,  0.35507576,
         0.46203673],
       [ 0.30844535, -0.12424245,  0.09313082,  0.44879289, -0.38858566,
        -0.11083603],
       [-0.02574034, -0.10571795, -0.031231  , -0.20709094, -0.42426957,
         0.09891164]]) 

Gen: 553 Fitness: 199.08214264148833 Weights: array([[ 0.13609441,  0.06789217,  0.07118124,  0.54958274, -0.02502551,
         0.29213835],
       [ 0.16315222,  0.23604932, -0.26199599,  0.13749954, -0.28253678,
         0.2650492 ],
       [-0.13407284, -0.48253484, -0.31454607,  0.40675391,  0.41107174,
        -0.09973011],
       [ 0.13144623,  0.34186753,  0.24031617,  0.26587665,  0.35507576,
         0.46203673],
       [ 0.30844535, -0.12424245,  0.09313082,  0.44879289, -0.38858566,
        -0.11083603],
       [-0.02574034, -0.10571795, -0.031231  , -0.20709094, -0.42426957,
         0.09891164]]) 

Gen: 565 Fitness: 199.75310112453394 Weights: array([[ 0.09609441,  0.02789217,  0.03118124,  0.50958274, -0.06502551,
         0.25213835],
       [ 0.18315222,  0.25604932, -0.24199599,  0.15749954, -0.26253678,
         0.2850492 ],
       [-0.15407284, -0.50253484, -0.33454607,  0.38675391,  0.39107174,
        -0.11973011],
       [ 0.12144623,  0.33186753,  0.23031617,  0.25587665,  0.34507576,
         0.45203673],
       [ 0.30844535, -0.12424245,  0.09313082,  0.44879289, -0.38858566,
        -0.11083603],
       [-0.02574034, -0.10571795, -0.031231  , -0.20709094, -0.42426957,
         0.09891164]]) 

Gen: 618 Fitness: 201.78386428206932 Weights: array([[ 0.11609441,  0.04789217,  0.05118124,  0.52958274, -0.04502551,
         0.27213835],
       [ 0.14315222,  0.21604932, -0.28199599,  0.11749954, -0.30253678,
         0.2450492 ],
       [-0.14407284, -0.49253484, -0.32454607,  0.39675391,  0.40107174,
        -0.10973011],
       [ 0.12144623,  0.33186753,  0.23031617,  0.25587665,  0.34507576,
         0.45203673],
       [ 0.32844535, -0.10424245,  0.11313082,  0.46879289, -0.36858566,
        -0.09083603],
       [-0.01574034, -0.09571795, -0.021231  , -0.19709094, -0.41426957,
         0.10891164]]) 

Gen: 715 Fitness: 203.59711381406356 Weights: array([[ 0.12609441,  0.05789217,  0.06118124,  0.53958274, -0.03502551,
         0.28213835],
       [ 0.13315222,  0.20604932, -0.29199599,  0.10749954, -0.31253678,
         0.2350492 ],
       [-0.14407284, -0.49253484, -0.32454607,  0.39675391,  0.40107174,
        -0.10973011],
       [ 0.12144623,  0.33186753,  0.23031617,  0.25587665,  0.34507576,
         0.45203673],
       [ 0.33844535, -0.09424245,  0.12313082,  0.47879289, -0.35858566,
        -0.08083603],
       [-0.01574034, -0.09571795, -0.021231  , -0.19709094, -0.41426957,
         0.10891164]]) 

Gen: 716 Fitness: 206.64327528637028 Weights: array([[ 0.14609441,  0.07789217,  0.08118124,  0.55958274, -0.01502551,
         0.30213835],
       [ 0.12315222,  0.19604932, -0.30199599,  0.09749954, -0.32253678,
         0.2250492 ],
       [-0.12407284, -0.47253484, -0.30454607,  0.41675391,  0.42107174,
        -0.08973011],
       [ 0.12144623,  0.33186753,  0.23031617,  0.25587665,  0.34507576,
         0.45203673],
       [ 0.31844535, -0.11424245,  0.10313082,  0.45879289, -0.37858566,
        -0.10083603],
       [ 0.00425966, -0.07571795, -0.001231  , -0.17709094, -0.39426957,
         0.12891164]]) 

Gen: 877 Fitness: 207.99641088654002 Weights: array([[ 0.20609441,  0.13789217,  0.14118124,  0.61958274,  0.04497449,
         0.36213835],
       [ 0.13315222,  0.20604932, -0.29199599,  0.10749954, -0.31253678,
         0.2350492 ],
       [-0.16407284, -0.51253484, -0.34454607,  0.37675391,  0.38107174,
        -0.12973011],
       [ 0.13144623,  0.34186753,  0.24031617,  0.26587665,  0.35507576,
         0.46203673],
       [ 0.35844535, -0.07424245,  0.14313082,  0.49879289, -0.33858566,
        -0.06083603],
       [-0.00574034, -0.08571795, -0.011231  , -0.18709094, -0.40426957,
         0.11891164]]) 

Gen: 937 Fitness: 208.9896415553718 Weights: array([[ 0.22609441,  0.15789217,  0.16118124,  0.63958274,  0.06497449,
         0.38213835],
       [ 0.12315222,  0.19604932, -0.30199599,  0.09749954, -0.32253678,
         0.2250492 ],
       [-0.17407284, -0.52253484, -0.35454607,  0.36675391,  0.37107174,
        -0.13973011],
       [ 0.13144623,  0.34186753,  0.24031617,  0.26587665,  0.35507576,
         0.46203673],
       [ 0.37844535, -0.05424245,  0.16313082,  0.51879289, -0.31858566,
        -0.04083603],
       [-0.00574034, -0.08571795, -0.011231  , -0.18709094, -0.40426957,
         0.11891164]]) 

Gen: 1060 Fitness: 211.61808837778034 Weights: array([[ 0.25609441,  0.18789217,  0.19118124,  0.66958274,  0.09497449,
         0.41213835],
       [ 0.08315222,  0.15604932, -0.34199599,  0.05749954, -0.36253678,
         0.1850492 ],
       [-0.12407284, -0.47253484, -0.30454607,  0.41675391,  0.42107174,
        -0.08973011],
       [ 0.14144623,  0.35186753,  0.25031617,  0.27587665,  0.36507576,
         0.47203673],
       [ 0.34844535, -0.08424245,  0.13313082,  0.48879289, -0.34858566,
        -0.07083603],
       [ 0.02425966, -0.05571795,  0.018769  , -0.15709094, -0.37426957,
         0.14891164]]) 

Gen: 1140 Fitness: 211.68470172259777 Weights: array([[ 0.25609441,  0.18789217,  0.19118124,  0.66958274,  0.09497449,
         0.41213835],
       [ 0.08315222,  0.15604932, -0.34199599,  0.05749954, -0.36253678,
         0.1850492 ],
       [-0.16407284, -0.51253484, -0.34454607,  0.37675391,  0.38107174,
        -0.12973011],
       [ 0.13144623,  0.34186753,  0.24031617,  0.26587665,  0.35507576,
         0.46203673],
       [ 0.38844535, -0.04424245,  0.17313082,  0.52879289, -0.30858566,
        -0.03083603],
       [ 0.02425966, -0.05571795,  0.018769  , -0.15709094, -0.37426957,
         0.14891164]]) 

Gen: 1340 Fitness: 212.47651595320468 Weights: array([[ 0.32609441,  0.25789217,  0.26118124,  0.73958274,  0.16497449,
         0.48213835],
       [ 0.09315222,  0.16604932, -0.33199599,  0.06749954, -0.35253678,
         0.1950492 ],
       [-0.16407284, -0.51253484, -0.34454607,  0.37675391,  0.38107174,
        -0.12973011],
       [ 0.15144623,  0.36186753,  0.26031617,  0.28587665,  0.37507576,
         0.48203673],
       [ 0.38844535, -0.04424245,  0.17313082,  0.52879289, -0.30858566,
        -0.03083603],
       [ 0.01425966, -0.06571795,  0.008769  , -0.16709094, -0.38426957,
         0.13891164]]) 

Gen: 1346 Fitness: 212.63390565251902 Weights: array([[ 0.28609441,  0.21789217,  0.22118124,  0.69958274,  0.12497449,
         0.44213835],
       [ 0.10315222,  0.17604932, -0.32199599,  0.07749954, -0.34253678,
         0.2050492 ],
       [-0.15407284, -0.50253484, -0.33454607,  0.38675391,  0.39107174,
        -0.11973011],
       [ 0.14144623,  0.35186753,  0.25031617,  0.27587665,  0.36507576,
         0.47203673],
       [ 0.35844535, -0.07424245,  0.14313082,  0.49879289, -0.33858566,
        -0.06083603],
       [ 0.03425966, -0.04571795,  0.028769  , -0.14709094, -0.36426957,
         0.15891164]]) 

Gen: 1395 Fitness: 213.89238471680366 Weights: array([[ 0.33609441,  0.26789217,  0.27118124,  0.74958274,  0.17497449,
         0.49213835],
       [ 0.10315222,  0.17604932, -0.32199599,  0.07749954, -0.34253678,
         0.2050492 ],
       [-0.19407284, -0.54253484, -0.37454607,  0.34675391,  0.35107174,
        -0.15973011],
       [ 0.14144623,  0.35186753,  0.25031617,  0.27587665,  0.36507576,
         0.47203673],
       [ 0.37844535, -0.05424245,  0.16313082,  0.51879289, -0.31858566,
        -0.04083603],
       [ 0.07425966, -0.00571795,  0.068769  , -0.10709094, -0.32426957,
         0.19891164]]) 

Gen: 1465 Fitness: 215.11421964313223 Weights: array([[ 0.36609441,  0.29789217,  0.30118124,  0.77958274,  0.20497449,
         0.52213835],
       [ 0.08315222,  0.15604932, -0.34199599,  0.05749954, -0.36253678,
         0.1850492 ],
       [-0.14407284, -0.49253484, -0.32454607,  0.39675391,  0.40107174,
        -0.10973011],
       [ 0.16144623,  0.37186753,  0.27031617,  0.29587665,  0.38507576,
         0.49203673],
       [ 0.39844535, -0.03424245,  0.18313082,  0.53879289, -0.29858566,
        -0.02083603],
       [-0.01574034, -0.09571795, -0.021231  , -0.19709094, -0.41426957,
         0.10891164]]) 

Gen: 1591 Fitness: 215.171625946075 Weights: array([[ 0.37609441,  0.30789217,  0.31118124,  0.78958274,  0.21497449,
         0.53213835],
       [ 0.07315222,  0.14604932, -0.35199599,  0.04749954, -0.37253678,
         0.1750492 ],
       [-0.15407284, -0.50253484, -0.33454607,  0.38675391,  0.39107174,
        -0.11973011],
       [ 0.16144623,  0.37186753,  0.27031617,  0.29587665,  0.38507576,
         0.49203673],
       [ 0.38844535, -0.04424245,  0.17313082,  0.52879289, -0.30858566,
        -0.03083603],
       [ 0.03425966, -0.04571795,  0.028769  , -0.14709094, -0.36426957,
         0.15891164]]) 

Gen: 1611 Fitness: 216.25655578866443 Weights: array([[ 4.26094407e-01,  3.57892169e-01,  3.61181236e-01,
         8.39582741e-01,  2.64974485e-01,  5.82138351e-01],
       [ 6.31522233e-02,  1.36049322e-01, -3.61995992e-01,
         3.74995373e-02, -3.82536783e-01,  1.65049196e-01],
       [-1.44072838e-01, -4.92534839e-01, -3.24546070e-01,
         3.96753912e-01,  4.01071736e-01, -1.09730110e-01],
       [ 1.91446230e-01,  4.01867526e-01,  3.00316173e-01,
         3.25876651e-01,  4.15075758e-01,  5.22036731e-01],
       [ 4.18445345e-01, -1.42424519e-02,  2.03130820e-01,
         5.58792888e-01, -2.78585662e-01, -8.36028619e-04],
       [-2.57403443e-02, -1.05717950e-01, -3.12310047e-02,
        -2.07090938e-01, -4.24269570e-01,  9.89116376e-02]]) 

Gen: 1706 Fitness: 216.9599217254378 Weights: array([[ 0.37609441,  0.30789217,  0.31118124,  0.78958274,  0.21497449,
         0.53213835],
       [ 0.06315222,  0.13604932, -0.36199599,  0.03749954, -0.38253678,
         0.1650492 ],
       [-0.13407284, -0.48253484, -0.31454607,  0.40675391,  0.41107174,
        -0.09973011],
       [ 0.16144623,  0.37186753,  0.27031617,  0.29587665,  0.38507576,
         0.49203673],
       [ 0.42844535, -0.00424245,  0.21313082,  0.56879289, -0.26858566,
         0.00916397],
       [-0.05574034, -0.13571795, -0.061231  , -0.23709094, -0.45426957,
         0.06891164]]) 

Gen: 1708 Fitness: 218.61756941633854 Weights: array([[ 0.41609441,  0.34789217,  0.35118124,  0.82958274,  0.25497449,
         0.57213835],
       [ 0.05315222,  0.12604932, -0.37199599,  0.02749954, -0.39253678,
         0.1550492 ],
       [-0.14407284, -0.49253484, -0.32454607,  0.39675391,  0.40107174,
        -0.10973011],
       [ 0.16144623,  0.37186753,  0.27031617,  0.29587665,  0.38507576,
         0.49203673],
       [ 0.42844535, -0.00424245,  0.21313082,  0.56879289, -0.26858566,
         0.00916397],
       [-0.01574034, -0.09571795, -0.021231  , -0.19709094, -0.41426957,
         0.10891164]]) 

