
-------------------------------------------------------------------------------------------------------
                                --- Method Parameters ---                                            
-------------------------------------------------------------------------------------------------------

method: PyGAD, entity: hydrostat_reservoir, volume: 10, sim_duration: 500, dt: 0.05, 
fitness_func: pygad_fitness, pop_size: 200, gen_size: 100, weight_search: 0.5, 

-------------------------------------------------------------------------------------------------------
                                --- Pygad  Parameters ---                                            
-------------------------------------------------------------------------------------------------------

parent_selection_type: rank, parents mating: 100, keep parents: 100, crossover type: uniform, 
mutation type: random, mutation prob: 0.5, mutation_max_val: 0.01, mutation_min_val: -0.01, 

=======================================================================================================


Generation: 1 
 - Generation Avg Fit: 147.84537930359008 
 - Best Fitness: 2091.4809892695885 
 - Worst Fitness: 0.0
 - Best Solution: array([ 0.39990277,  0.3554452 ,  0.41574149,  0.4361004 ,  0.1102799 ,
        0.12747288,  0.1391237 , -0.32827707,  0.07712766,  0.37002001,
       -0.39961458, -0.04664397, -0.28400332, -0.10916557,  0.36679287,
        0.41312819, -0.29366298, -0.1443198 ,  0.07130107, -0.28171375,
        0.39220153,  0.01571687, -0.29660503,  0.07784637,  0.28148523,
        0.18443272,  0.46856948,  0.44479094, -0.3758187 , -0.09689013,
       -0.17564601,  0.15146808,  0.22709874, -0.01150556,  0.21009483,
       -0.4801576 ,  0.48394756, -0.1888203 , -0.21781015,  0.04401959,
        0.05850456,  0.05472814,  0.34000536, -0.48474329, -0.25365239,
        0.37494511,  0.33982741,  0.48214601,  0.01944465,  0.33722533,
        0.45720623,  0.02209385, -0.48734749,  0.18608843, -0.38941706,
       -0.26574495, -0.45839471,  0.41713255,  0.28822919,  0.14150439,
        0.43929313, -0.35468395, -0.1011672 ,  0.1940133 ]) 

Generation: 2 
 - Generation Avg Fit: 203.53812830159382 
 - Best Fitness: 2091.4809892695885 
 - Worst Fitness: 0.0
 - Best Solution: array([ 0.35429104, -0.09219439,  0.40003672,  0.38373781,  0.33278981,
       -0.14729976,  0.25785789,  0.14137593,  0.14618497,  0.09286245,
        0.46929022, -0.45972165,  0.44423134, -0.24565465, -0.41802425,
       -0.28686188,  0.17784485, -0.24380408, -0.02018085, -0.02042483,
       -0.19098129, -0.47727743, -0.06980525,  0.36369151,  0.11812347,
        0.02492819,  0.3204783 , -0.42860512, -0.38784617, -0.35460422,
        0.19534956,  0.35775282, -0.30803866, -0.31355316, -0.46087805,
        0.49416842,  0.39378701, -0.47038878,  0.06464899,  0.23365202,
       -0.31392787, -0.00520575,  0.3985445 , -0.37415629,  0.33761688,
        0.40661088,  0.47244397, -0.32101305, -0.16755297, -0.08696959,
       -0.35080856,  0.03625949, -0.12545201,  0.03853897,  0.38594968,
       -0.24025778, -0.29255517,  0.04260558, -0.1646508 ,  0.04020111,
       -0.20376843,  0.4382909 , -0.02458432,  0.31610772]) 

Generation: 3 
 - Generation Avg Fit: 266.48674364725883 
 - Best Fitness: 2091.4809892695885 
 - Worst Fitness: 0.0
 - Best Solution: array([ 0.39990277,  0.3554452 ,  0.41574149,  0.4361004 ,  0.1102799 ,
        0.12747288,  0.1391237 , -0.32827707,  0.07712766,  0.37002001,
       -0.39961458, -0.04664397, -0.28400332, -0.10916557,  0.36679287,
        0.41312819, -0.29366298, -0.1443198 ,  0.07130107, -0.28171375,
        0.39220153,  0.01571687, -0.29660503,  0.07784637,  0.28148523,
        0.18443272,  0.46856948,  0.44479094, -0.3758187 , -0.09689013,
       -0.17564601,  0.15146808,  0.22709874, -0.01150556,  0.21009483,
       -0.4801576 ,  0.48394756, -0.1888203 , -0.21781015,  0.04401959,
        0.05850456,  0.05472814,  0.34000536, -0.48474329, -0.25365239,
        0.37494511,  0.33982741,  0.48214601,  0.01944465,  0.33722533,
        0.45720623,  0.02209385, -0.48734749,  0.18608843, -0.38941706,
       -0.26574495, -0.45839471,  0.41713255,  0.28822919,  0.14150439,
        0.43929313, -0.35468395, -0.1011672 ,  0.1940133 ]) 

Generation: 4 
 - Generation Avg Fit: 286.12453229490563 
 - Best Fitness: 2091.4809892695885 
 - Worst Fitness: 0.0
 - Best Solution: array([ 0.39990277,  0.3554452 ,  0.41574149,  0.4361004 ,  0.1102799 ,
        0.12747288,  0.1391237 , -0.32827707,  0.07712766,  0.37002001,
       -0.39961458, -0.04664397, -0.28400332, -0.10916557,  0.36679287,
        0.41312819, -0.29366298, -0.1443198 ,  0.07130107, -0.28171375,
        0.39220153,  0.01571687, -0.29660503,  0.07784637,  0.28148523,
        0.18443272,  0.46856948,  0.44479094, -0.3758187 , -0.09689013,
       -0.17564601,  0.15146808,  0.22709874, -0.01150556,  0.21009483,
       -0.4801576 ,  0.48394756, -0.1888203 , -0.21781015,  0.04401959,
        0.05850456,  0.05472814,  0.34000536, -0.48474329, -0.25365239,
        0.37494511,  0.33982741,  0.48214601,  0.01944465,  0.33722533,
        0.45720623,  0.02209385, -0.48734749,  0.18608843, -0.38941706,
       -0.26574495, -0.45839471,  0.41713255,  0.28822919,  0.14150439,
        0.43929313, -0.35468395, -0.1011672 ,  0.1940133 ]) 

Generation: 5 
 - Generation Avg Fit: 334.86514998707753 
 - Best Fitness: 2091.4809892695885 
 - Worst Fitness: 0.0
 - Best Solution: array([ 0.39990277,  0.3554452 ,  0.41574149,  0.4361004 ,  0.1102799 ,
        0.12747288,  0.1391237 , -0.32827707,  0.07712766,  0.37002001,
       -0.39961458, -0.04664397, -0.28400332, -0.10916557,  0.36679287,
        0.41312819, -0.29366298, -0.1443198 ,  0.07130107, -0.28171375,
        0.39220153,  0.01571687, -0.29660503,  0.07784637,  0.28148523,
        0.18443272,  0.46856948,  0.44479094, -0.3758187 , -0.09689013,
       -0.17564601,  0.15146808,  0.22709874, -0.01150556,  0.21009483,
       -0.4801576 ,  0.48394756, -0.1888203 , -0.21781015,  0.04401959,
        0.05850456,  0.05472814,  0.34000536, -0.48474329, -0.25365239,
        0.37494511,  0.33982741,  0.48214601,  0.01944465,  0.33722533,
        0.45720623,  0.02209385, -0.48734749,  0.18608843, -0.38941706,
       -0.26574495, -0.45839471,  0.41713255,  0.28822919,  0.14150439,
        0.43929313, -0.35468395, -0.1011672 ,  0.1940133 ]) 

Generation: 6 
 - Generation Avg Fit: 388.6062703696388 
 - Best Fitness: 2091.4809892695885 
 - Worst Fitness: 0.0
 - Best Solution: array([ 0.39990277,  0.3554452 ,  0.41574149,  0.4361004 ,  0.1102799 ,
        0.12747288,  0.1391237 , -0.32827707,  0.07712766,  0.37002001,
       -0.39961458, -0.04664397, -0.28400332, -0.10916557,  0.36679287,
        0.41312819, -0.29366298, -0.1443198 ,  0.07130107, -0.28171375,
        0.39220153,  0.01571687, -0.29660503,  0.07784637,  0.28148523,
        0.18443272,  0.46856948,  0.44479094, -0.3758187 , -0.09689013,
       -0.17564601,  0.15146808,  0.22709874, -0.01150556,  0.21009483,
       -0.4801576 ,  0.48394756, -0.1888203 , -0.21781015,  0.04401959,
        0.05850456,  0.05472814,  0.34000536, -0.48474329, -0.25365239,
        0.37494511,  0.33982741,  0.48214601,  0.01944465,  0.33722533,
        0.45720623,  0.02209385, -0.48734749,  0.18608843, -0.38941706,
       -0.26574495, -0.45839471,  0.41713255,  0.28822919,  0.14150439,
        0.43929313, -0.35468395, -0.1011672 ,  0.1940133 ]) 

Generation: 7 
 - Generation Avg Fit: 434.98606258721225 
 - Best Fitness: 2091.4809892695885 
 - Worst Fitness: 0.0
 - Best Solution: array([ 0.39990277,  0.3554452 ,  0.41574149,  0.4361004 ,  0.1102799 ,
        0.12747288,  0.1391237 , -0.32827707,  0.07712766,  0.37002001,
       -0.39961458, -0.04664397, -0.28400332, -0.10916557,  0.36679287,
        0.41312819, -0.29366298, -0.1443198 ,  0.07130107, -0.28171375,
        0.39220153,  0.01571687, -0.29660503,  0.07784637,  0.28148523,
        0.18443272,  0.46856948,  0.44479094, -0.3758187 , -0.09689013,
       -0.17564601,  0.15146808,  0.22709874, -0.01150556,  0.21009483,
       -0.4801576 ,  0.48394756, -0.1888203 , -0.21781015,  0.04401959,
        0.05850456,  0.05472814,  0.34000536, -0.48474329, -0.25365239,
        0.37494511,  0.33982741,  0.48214601,  0.01944465,  0.33722533,
        0.45720623,  0.02209385, -0.48734749,  0.18608843, -0.38941706,
       -0.26574495, -0.45839471,  0.41713255,  0.28822919,  0.14150439,
        0.43929313, -0.35468395, -0.1011672 ,  0.1940133 ]) 

Generation: 8 
 - Generation Avg Fit: 461.7156577520471 
 - Best Fitness: 2091.4809892695885 
 - Worst Fitness: 0.0
 - Best Solution: array([ 0.39990277,  0.3554452 ,  0.41574149,  0.4361004 ,  0.1102799 ,
        0.12747288,  0.1391237 , -0.32827707,  0.07712766,  0.37002001,
       -0.39961458, -0.04664397, -0.28400332, -0.10916557,  0.36679287,
        0.41312819, -0.29366298, -0.1443198 ,  0.07130107, -0.28171375,
        0.39220153,  0.01571687, -0.29660503,  0.07784637,  0.28148523,
        0.18443272,  0.46856948,  0.44479094, -0.3758187 , -0.09689013,
       -0.17564601,  0.15146808,  0.22709874, -0.01150556,  0.21009483,
       -0.4801576 ,  0.48394756, -0.1888203 , -0.21781015,  0.04401959,
        0.05850456,  0.05472814,  0.34000536, -0.48474329, -0.25365239,
        0.37494511,  0.33982741,  0.48214601,  0.01944465,  0.33722533,
        0.45720623,  0.02209385, -0.48734749,  0.18608843, -0.38941706,
       -0.26574495, -0.45839471,  0.41713255,  0.28822919,  0.14150439,
        0.43929313, -0.35468395, -0.1011672 ,  0.1940133 ]) 

Generation: 9 
 - Generation Avg Fit: 508.24379631989507 
 - Best Fitness: 2091.4809892695885 
 - Worst Fitness: 0.0
 - Best Solution: array([ 0.39990277,  0.3554452 ,  0.41574149,  0.4361004 ,  0.1102799 ,
        0.12747288,  0.1391237 , -0.32827707,  0.07712766,  0.37002001,
       -0.39961458, -0.04664397, -0.28400332, -0.10916557,  0.36679287,
        0.41312819, -0.29366298, -0.1443198 ,  0.07130107, -0.28171375,
        0.39220153,  0.01571687, -0.29660503,  0.07784637,  0.28148523,
        0.18443272,  0.46856948,  0.44479094, -0.3758187 , -0.09689013,
       -0.17564601,  0.15146808,  0.22709874, -0.01150556,  0.21009483,
       -0.4801576 ,  0.48394756, -0.1888203 , -0.21781015,  0.04401959,
        0.05850456,  0.05472814,  0.34000536, -0.48474329, -0.25365239,
        0.37494511,  0.33982741,  0.48214601,  0.01944465,  0.33722533,
        0.45720623,  0.02209385, -0.48734749,  0.18608843, -0.38941706,
       -0.26574495, -0.45839471,  0.41713255,  0.28822919,  0.14150439,
        0.43929313, -0.35468395, -0.1011672 ,  0.1940133 ]) 

Generation: 10 
 - Generation Avg Fit: 535.7504187733576 
 - Best Fitness: 2102.7042136879186 
 - Worst Fitness: 0.0
 - Best Solution: array([-0.04138253, -0.39883667,  0.37745435,  0.49687626, -0.2062838 ,
        0.10365302,  0.01456164, -0.33055731, -0.34426247,  0.42232312,
        0.45724073,  0.2317044 ,  0.34895286,  0.23523933,  0.39584656,
       -0.0818983 , -0.49517161, -0.02450195,  0.48070752,  0.3229224 ,
        0.20179983, -0.09134673,  0.08560093, -0.32963348, -0.46212294,
        0.02784755,  0.10571508,  0.4591944 ,  0.31147335, -0.4158746 ,
       -0.09497353,  0.1822736 ,  0.38537651, -0.12110509,  0.14741864,
       -0.30978136,  0.27086095,  0.48968519,  0.06931682,  0.16753615,
       -0.0497422 ,  0.47260616,  0.09965465, -0.09332936, -0.43581287,
        0.15419416,  0.1631246 ,  0.36640424, -0.19126077,  0.11123061,
        0.34387143,  0.28335752,  0.16483319,  0.09482419, -0.1277426 ,
        0.35504679,  0.34976292,  0.05930243,  0.21561546, -0.17404372,
        0.30930411, -0.18808043,  0.03925106, -0.44321689]) 

Generation: 11 
 - Generation Avg Fit: 570.780630606384 
 - Best Fitness: 2102.7042136879186 
 - Worst Fitness: 0.0
 - Best Solution: array([ 0.39990277,  0.3554452 ,  0.41574149,  0.4361004 ,  0.1102799 ,
        0.12747288,  0.1391237 , -0.32827707,  0.07712766,  0.37002001,
       -0.39961458, -0.04664397, -0.28400332, -0.10916557,  0.36679287,
        0.41312819, -0.29366298, -0.1443198 ,  0.07130107, -0.28171375,
        0.39220153,  0.01571687, -0.29660503,  0.07784637,  0.28148523,
        0.18443272,  0.46856948,  0.44479094, -0.3758187 , -0.09689013,
       -0.17564601,  0.15146808,  0.22709874, -0.01150556,  0.21009483,
       -0.4801576 ,  0.48394756, -0.1888203 , -0.21781015,  0.04401959,
        0.05850456,  0.05472814,  0.34000536, -0.48474329, -0.25365239,
        0.37494511,  0.33982741,  0.48214601,  0.01944465,  0.33722533,
        0.45720623,  0.02209385, -0.48734749,  0.18608843, -0.38941706,
       -0.26574495, -0.45839471,  0.41713255,  0.28822919,  0.14150439,
        0.43929313, -0.35468395, -0.1011672 ,  0.1940133 ]) 

Generation: 12 
 - Generation Avg Fit: 576.4503020756439 
 - Best Fitness: 2102.7042136879186 
 - Worst Fitness: 0.0
 - Best Solution: array([ 0.16923924,  0.46288604,  0.00772056,  0.13915701,  0.1363789 ,
       -0.36937733, -0.15076747,  0.3753609 ,  0.0084116 ,  0.3177561 ,
       -0.02188833, -0.00554253, -0.01364701,  0.38825306, -0.38201554,
        0.08599258, -0.47090503, -0.40905881,  0.4707405 ,  0.10342762,
       -0.42381497, -0.10359941, -0.14223812, -0.02504042,  0.00827483,
       -0.31571585,  0.23500442, -0.10953806,  0.3987456 , -0.10250906,
        0.1997589 , -0.10344338, -0.26959514,  0.39958241,  0.47974148,
       -0.33898387,  0.15906677,  0.00118691, -0.15831355,  0.48820302,
        0.18806874, -0.40653131,  0.39435423,  0.16044512,  0.24839967,
       -0.4137219 , -0.39600559,  0.01741497, -0.10260376,  0.30479797,
        0.41218136, -0.0130317 , -0.44797927, -0.03690513,  0.09173237,
       -0.50008919,  0.43356065, -0.33980057,  0.31093383,  0.24111106,
       -0.055409  , -0.31858526, -0.26101774,  0.40552313]) 

Generation: 13 
 - Generation Avg Fit: 640.2749251253204 
 - Best Fitness: 2102.7042136879186 
 - Worst Fitness: 0.0
 - Best Solution: array([ 0.16923924,  0.46288604,  0.00772056,  0.13915701,  0.1363789 ,
       -0.36937733, -0.15076747,  0.3753609 ,  0.0084116 ,  0.3177561 ,
       -0.02188833, -0.00554253, -0.01364701,  0.38825306, -0.38201554,
        0.08599258, -0.47090503, -0.40905881,  0.4707405 ,  0.10342762,
       -0.42381497, -0.10359941, -0.14223812, -0.02504042,  0.00827483,
       -0.31571585,  0.23500442, -0.10953806,  0.3987456 , -0.10250906,
        0.1997589 , -0.10344338, -0.26959514,  0.39958241,  0.47974148,
       -0.33898387,  0.15906677,  0.00118691, -0.15831355,  0.48820302,
        0.18806874, -0.40653131,  0.39435423,  0.16044512,  0.24839967,
       -0.4137219 , -0.39600559,  0.01741497, -0.10260376,  0.30479797,
        0.41218136, -0.0130317 , -0.44797927, -0.03690513,  0.09173237,
       -0.50008919,  0.43356065, -0.33980057,  0.31093383,  0.24111106,
       -0.055409  , -0.31858526, -0.26101774,  0.40552313]) 

Generation: 14 
 - Generation Avg Fit: 656.9595081054541 
 - Best Fitness: 2102.7042136879186 
 - Worst Fitness: 0.0
 - Best Solution: array([ 0.16923924,  0.46288604,  0.00772056,  0.13915701,  0.1363789 ,
       -0.36937733, -0.15076747,  0.3753609 ,  0.0084116 ,  0.3177561 ,
       -0.02188833, -0.00554253, -0.01364701,  0.38825306, -0.38201554,
        0.08599258, -0.47090503, -0.40905881,  0.4707405 ,  0.10342762,
       -0.42381497, -0.10359941, -0.14223812, -0.02504042,  0.00827483,
       -0.31571585,  0.23500442, -0.10953806,  0.3987456 , -0.10250906,
        0.1997589 , -0.10344338, -0.26959514,  0.39958241,  0.47974148,
       -0.33898387,  0.15906677,  0.00118691, -0.15831355,  0.48820302,
        0.18806874, -0.40653131,  0.39435423,  0.16044512,  0.24839967,
       -0.4137219 , -0.39600559,  0.01741497, -0.10260376,  0.30479797,
        0.41218136, -0.0130317 , -0.44797927, -0.03690513,  0.09173237,
       -0.50008919,  0.43356065, -0.33980057,  0.31093383,  0.24111106,
       -0.055409  , -0.31858526, -0.26101774,  0.40552313]) 

Generation: 15 
 - Generation Avg Fit: 670.9754913475381 
 - Best Fitness: 2102.7042136879186 
 - Worst Fitness: 0.0
 - Best Solution: array([ 0.16923924,  0.46288604,  0.00772056,  0.13915701,  0.1363789 ,
       -0.36937733, -0.15076747,  0.3753609 ,  0.0084116 ,  0.3177561 ,
       -0.02188833, -0.00554253, -0.01364701,  0.38825306, -0.38201554,
        0.08599258, -0.47090503, -0.40905881,  0.4707405 ,  0.10342762,
       -0.42381497, -0.10359941, -0.14223812, -0.02504042,  0.00827483,
       -0.31571585,  0.23500442, -0.10953806,  0.3987456 , -0.10250906,
        0.1997589 , -0.10344338, -0.26959514,  0.39958241,  0.47974148,
       -0.33898387,  0.15906677,  0.00118691, -0.15831355,  0.48820302,
        0.18806874, -0.40653131,  0.39435423,  0.16044512,  0.24839967,
       -0.4137219 , -0.39600559,  0.01741497, -0.10260376,  0.30479797,
        0.41218136, -0.0130317 , -0.44797927, -0.03690513,  0.09173237,
       -0.50008919,  0.43356065, -0.33980057,  0.31093383,  0.24111106,
       -0.055409  , -0.31858526, -0.26101774,  0.40552313]) 

Generation: 16 
 - Generation Avg Fit: 739.7132357971478 
 - Best Fitness: 2102.7042136879186 
 - Worst Fitness: 0.0
 - Best Solution: array([ 0.16923924,  0.46288604,  0.00772056,  0.13915701,  0.1363789 ,
       -0.36937733, -0.15076747,  0.3753609 ,  0.0084116 ,  0.3177561 ,
       -0.02188833, -0.00554253, -0.01364701,  0.38825306, -0.38201554,
        0.08599258, -0.47090503, -0.40905881,  0.4707405 ,  0.10342762,
       -0.42381497, -0.10359941, -0.14223812, -0.02504042,  0.00827483,
       -0.31571585,  0.23500442, -0.10953806,  0.3987456 , -0.10250906,
        0.1997589 , -0.10344338, -0.26959514,  0.39958241,  0.47974148,
       -0.33898387,  0.15906677,  0.00118691, -0.15831355,  0.48820302,
        0.18806874, -0.40653131,  0.39435423,  0.16044512,  0.24839967,
       -0.4137219 , -0.39600559,  0.01741497, -0.10260376,  0.30479797,
        0.41218136, -0.0130317 , -0.44797927, -0.03690513,  0.09173237,
       -0.50008919,  0.43356065, -0.33980057,  0.31093383,  0.24111106,
       -0.055409  , -0.31858526, -0.26101774,  0.40552313]) 

Generation: 17 
 - Generation Avg Fit: 751.9696971761016 
 - Best Fitness: 2102.7042136879186 
 - Worst Fitness: 0.0
 - Best Solution: array([ 0.16923924,  0.46288604,  0.00772056,  0.13915701,  0.1363789 ,
       -0.36937733, -0.15076747,  0.3753609 ,  0.0084116 ,  0.3177561 ,
       -0.02188833, -0.00554253, -0.01364701,  0.38825306, -0.38201554,
        0.08599258, -0.47090503, -0.40905881,  0.4707405 ,  0.10342762,
       -0.42381497, -0.10359941, -0.14223812, -0.02504042,  0.00827483,
       -0.31571585,  0.23500442, -0.10953806,  0.3987456 , -0.10250906,
        0.1997589 , -0.10344338, -0.26959514,  0.39958241,  0.47974148,
       -0.33898387,  0.15906677,  0.00118691, -0.15831355,  0.48820302,
        0.18806874, -0.40653131,  0.39435423,  0.16044512,  0.24839967,
       -0.4137219 , -0.39600559,  0.01741497, -0.10260376,  0.30479797,
        0.41218136, -0.0130317 , -0.44797927, -0.03690513,  0.09173237,
       -0.50008919,  0.43356065, -0.33980057,  0.31093383,  0.24111106,
       -0.055409  , -0.31858526, -0.26101774,  0.40552313]) 

Generation: 18 
 - Generation Avg Fit: 772.0216464701756 
 - Best Fitness: 2102.7042136879186 
 - Worst Fitness: 0.0
 - Best Solution: array([ 0.16923924,  0.46288604,  0.00772056,  0.13915701,  0.1363789 ,
       -0.36937733, -0.15076747,  0.3753609 ,  0.0084116 ,  0.3177561 ,
       -0.02188833, -0.00554253, -0.01364701,  0.38825306, -0.38201554,
        0.08599258, -0.47090503, -0.40905881,  0.4707405 ,  0.10342762,
       -0.42381497, -0.10359941, -0.14223812, -0.02504042,  0.00827483,
       -0.31571585,  0.23500442, -0.10953806,  0.3987456 , -0.10250906,
        0.1997589 , -0.10344338, -0.26959514,  0.39958241,  0.47974148,
       -0.33898387,  0.15906677,  0.00118691, -0.15831355,  0.48820302,
        0.18806874, -0.40653131,  0.39435423,  0.16044512,  0.24839967,
       -0.4137219 , -0.39600559,  0.01741497, -0.10260376,  0.30479797,
        0.41218136, -0.0130317 , -0.44797927, -0.03690513,  0.09173237,
       -0.50008919,  0.43356065, -0.33980057,  0.31093383,  0.24111106,
       -0.055409  , -0.31858526, -0.26101774,  0.40552313]) 

Generation: 19 
 - Generation Avg Fit: 797.7438190038677 
 - Best Fitness: 2102.7042136879186 
 - Worst Fitness: 0.0
 - Best Solution: array([ 0.16923924,  0.46288604,  0.00772056,  0.13915701,  0.1363789 ,
       -0.36937733, -0.15076747,  0.3753609 ,  0.0084116 ,  0.3177561 ,
       -0.02188833, -0.00554253, -0.01364701,  0.38825306, -0.38201554,
        0.08599258, -0.47090503, -0.40905881,  0.4707405 ,  0.10342762,
       -0.42381497, -0.10359941, -0.14223812, -0.02504042,  0.00827483,
       -0.31571585,  0.23500442, -0.10953806,  0.3987456 , -0.10250906,
        0.1997589 , -0.10344338, -0.26959514,  0.39958241,  0.47974148,
       -0.33898387,  0.15906677,  0.00118691, -0.15831355,  0.48820302,
        0.18806874, -0.40653131,  0.39435423,  0.16044512,  0.24839967,
       -0.4137219 , -0.39600559,  0.01741497, -0.10260376,  0.30479797,
        0.41218136, -0.0130317 , -0.44797927, -0.03690513,  0.09173237,
       -0.50008919,  0.43356065, -0.33980057,  0.31093383,  0.24111106,
       -0.055409  , -0.31858526, -0.26101774,  0.40552313]) 

Generation: 20 
 - Generation Avg Fit: 833.2184748653959 
 - Best Fitness: 2102.7042136879186 
 - Worst Fitness: 0.0
 - Best Solution: array([ 0.16923924,  0.46288604,  0.00772056,  0.13915701,  0.1363789 ,
       -0.36937733, -0.15076747,  0.3753609 ,  0.0084116 ,  0.3177561 ,
       -0.02188833, -0.00554253, -0.01364701,  0.38825306, -0.38201554,
        0.08599258, -0.47090503, -0.40905881,  0.4707405 ,  0.10342762,
       -0.42381497, -0.10359941, -0.14223812, -0.02504042,  0.00827483,
       -0.31571585,  0.23500442, -0.10953806,  0.3987456 , -0.10250906,
        0.1997589 , -0.10344338, -0.26959514,  0.39958241,  0.47974148,
       -0.33898387,  0.15906677,  0.00118691, -0.15831355,  0.48820302,
        0.18806874, -0.40653131,  0.39435423,  0.16044512,  0.24839967,
       -0.4137219 , -0.39600559,  0.01741497, -0.10260376,  0.30479797,
        0.41218136, -0.0130317 , -0.44797927, -0.03690513,  0.09173237,
       -0.50008919,  0.43356065, -0.33980057,  0.31093383,  0.24111106,
       -0.055409  , -0.31858526, -0.26101774,  0.40552313]) 

Generation: 21 
 - Generation Avg Fit: 849.6279797890919 
 - Best Fitness: 2102.7042136879186 
 - Worst Fitness: 0.0
 - Best Solution: array([ 0.16923924,  0.46288604,  0.00772056,  0.13915701,  0.1363789 ,
       -0.36937733, -0.15076747,  0.3753609 ,  0.0084116 ,  0.3177561 ,
       -0.02188833, -0.00554253, -0.01364701,  0.38825306, -0.38201554,
        0.08599258, -0.47090503, -0.40905881,  0.4707405 ,  0.10342762,
       -0.42381497, -0.10359941, -0.14223812, -0.02504042,  0.00827483,
       -0.31571585,  0.23500442, -0.10953806,  0.3987456 , -0.10250906,
        0.1997589 , -0.10344338, -0.26959514,  0.39958241,  0.47974148,
       -0.33898387,  0.15906677,  0.00118691, -0.15831355,  0.48820302,
        0.18806874, -0.40653131,  0.39435423,  0.16044512,  0.24839967,
       -0.4137219 , -0.39600559,  0.01741497, -0.10260376,  0.30479797,
        0.41218136, -0.0130317 , -0.44797927, -0.03690513,  0.09173237,
       -0.50008919,  0.43356065, -0.33980057,  0.31093383,  0.24111106,
       -0.055409  , -0.31858526, -0.26101774,  0.40552313]) 

Generation: 22 
 - Generation Avg Fit: 935.9014965549045 
 - Best Fitness: 2130.0387833032332 
 - Worst Fitness: 0.0
 - Best Solution: array([-0.00600432, -0.39774713,  0.38135796, -0.13550752, -0.08881943,
        0.10158292,  0.02365036, -0.33756757,  0.40977042,  0.41742958,
        0.41029547,  0.43263823, -0.28014865, -0.10337133,  0.3911821 ,
       -0.09561834, -0.48776891,  0.18838926,  0.48070752,  0.107836  ,
        0.1866784 , -0.10064609, -0.47096848, -0.08052736,  0.00827483,
        0.15479241,  0.10571508,  0.43501573,  0.31276967,  0.01597593,
       -0.05028584,  0.14323056, -0.26746286,  0.38227315,  0.20742073,
       -0.34303029,  0.31833653, -0.41219625, -0.15630504,  0.11861932,
        0.38960768,  0.48163342,  0.44330075, -0.4833938 , -0.43947573,
        0.14686613,  0.34914385,  0.01314307,  0.01035456,  0.11440736,
        0.33045737,  0.28454257,  0.00346794,  0.08734905,  0.45076667,
        0.49790023, -0.47279103, -0.33980057, -0.13183992,  0.00619307,
        0.45602605, -0.18808043, -0.26643097, -0.45619399]) 

Generation: 23 
 - Generation Avg Fit: 977.5189532122581 
 - Best Fitness: 2260.187572952506 
 - Worst Fitness: 0.0
 - Best Solution: array([ 0.16892351, -0.3583147 ,  0.42397393,  0.41580831,  0.36206658,
       -0.41758983, -0.13985746,  0.10989938, -0.28193415,  0.30948935,
        0.22532342, -0.16034037, -0.11048388, -0.22744159, -0.2568998 ,
       -0.18974673, -0.47925019,  0.18410163,  0.0662054 , -0.27389728,
        0.38047532,  0.01719663, -0.14392794,  0.41515722,  0.00642687,
        0.10232573,  0.23188859, -0.48674291, -0.22583714, -0.11024835,
        0.02322346,  0.13791548,  0.05742576,  0.06563971,  0.21009483,
       -0.20290392,  0.31982657,  0.00499583,  0.09076584, -0.03114845,
        0.06726933, -0.08297461,  0.45262718, -0.38981968,  0.10277417,
        0.1034561 ,  0.4104335 ,  0.01570086, -0.28764722,  0.12224096,
        0.16777165, -0.44881855,  0.28530857, -0.46669434,  0.26821896,
        0.48927778,  0.42241072,  0.16605606,  0.39075201,  0.23590524,
        0.26312847,  0.24520144, -0.17178709,  0.21731735]) 

Generation: 24 
 - Generation Avg Fit: 1041.4455730389286 
 - Best Fitness: 2260.187572952506 
 - Worst Fitness: 0.0
 - Best Solution: array([-0.00600432, -0.39774713,  0.38135796, -0.13550752, -0.08881943,
        0.10158292,  0.02365036, -0.33756757,  0.40977042,  0.41742958,
        0.41029547,  0.43263823, -0.28014865, -0.10337133,  0.3911821 ,
       -0.09561834, -0.48776891,  0.18838926,  0.48070752,  0.107836  ,
        0.1866784 , -0.10064609, -0.47096848, -0.08052736,  0.00827483,
        0.15479241,  0.10571508,  0.43501573,  0.31276967,  0.01597593,
       -0.05028584,  0.14323056, -0.26746286,  0.38227315,  0.20742073,
       -0.34303029,  0.31833653, -0.41219625, -0.15630504,  0.11861932,
        0.38960768,  0.48163342,  0.44330075, -0.4833938 , -0.43947573,
        0.14686613,  0.34914385,  0.01314307,  0.01035456,  0.11440736,
        0.33045737,  0.28454257,  0.00346794,  0.08734905,  0.45076667,
        0.49790023, -0.47279103, -0.33980057, -0.13183992,  0.00619307,
        0.45602605, -0.18808043, -0.26643097, -0.45619399]) 

Generation: 25 
 - Generation Avg Fit: 1116.9026481150163 
 - Best Fitness: 2260.187572952506 
 - Worst Fitness: 0.0
 - Best Solution: array([ 0.16923924,  0.46288604,  0.41016331,  0.4361004 ,  0.1363789 ,
        0.12747288, -0.15054051, -0.32827707,  0.06846936,  0.36289602,
       -0.02485353, -0.04664397, -0.21685128, -0.10705014, -0.25370208,
        0.13784803,  0.02729574, -0.40138906,  0.4707405 ,  0.12131165,
        0.16762722, -0.11095133, -0.14223812,  0.07864932,  0.00827483,
       -0.31571585,  0.22894364, -0.30436465, -0.38349728, -0.10250906,
        0.1997589 ,  0.15146808, -0.27777078, -0.11399177, -0.31278206,
        0.11713145,  0.48394756, -0.25245489, -0.03198068,  0.26620167,
        0.19294999,  0.05543943,  0.10718194, -0.47800854,  0.09157297,
       -0.42472818, -0.40150111, -0.30707305, -0.10351959,  0.15249896,
        0.19070095,  0.26373574, -0.48735201,  0.03604683,  0.45894395,
       -0.23168826,  0.42883415,  0.08001074,  0.21527111,  0.12345706,
        0.44804329, -0.1006251 , -0.33767726,  0.19675759]) 

Generation: 26 
 - Generation Avg Fit: 1168.8642668735602 
 - Best Fitness: 2313.797720214795 
 - Worst Fitness: 0.0
 - Best Solution: array([-2.67150930e-02,  4.62886042e-01,  2.06273945e-01,  4.23442841e-01,
       -7.80424275e-02, -3.86781114e-01, -2.09265084e-01,  2.57168703e-01,
        4.20800633e-01, -3.28390500e-01,  4.49718280e-01,  1.51007075e-01,
        1.81264031e-01,  3.82144140e-01, -3.69256466e-01,  4.16200789e-01,
        1.45610716e-01, -4.33071550e-01, -4.13562664e-02, -4.07918340e-01,
       -4.26962130e-01,  4.55548358e-02, -1.42205981e-01,  3.71228828e-01,
       -4.06746150e-01,  2.59170465e-01,  2.25020351e-02, -4.75219683e-01,
       -8.48367739e-02, -4.04970041e-01,  1.86556578e-01,  2.03756786e-01,
        5.41663432e-02,  3.83131657e-01,  4.68494201e-01, -3.67581919e-01,
        1.44290298e-01,  1.18691339e-03, -3.67705695e-02, -4.55515594e-01,
        3.97746730e-01, -3.97182570e-01,  4.45822168e-01, -3.88089920e-01,
        2.11514441e-01,  1.42463888e-01,  4.38033571e-02,  1.94743581e-04,
        7.00379861e-03,  1.05478037e-01,  4.10936730e-01, -7.22255440e-03,
        1.61959760e-01,  4.66213326e-01,  2.77985961e-01, -4.85847975e-01,
        4.39103004e-01,  1.72511433e-01,  3.91368476e-01,  2.59633814e-01,
       -3.26308725e-01, -3.18585259e-01, -2.61017742e-01,  3.54355719e-01]) 

Generation: 27 
 - Generation Avg Fit: 1188.5156473095556 
 - Best Fitness: 2435.093101314569 
 - Worst Fitness: 0.0
 - Best Solution: array([ 0.16892351, -0.39774713,  0.38135796,  0.0815428 ,  0.37654479,
       -0.40997286, -0.19718247,  0.1078985 ,  0.14416438,  0.41039144,
        0.41474471,  0.43655816, -0.27028495, -0.10337133, -0.2663371 ,
        0.38142435, -0.48776891,  0.18838926,  0.05844849, -0.00968243,
        0.18255958, -0.47727743, -0.14632554, -0.05847618,  0.00827483,
        0.02492819,  0.49248515, -0.48674291, -0.38003183, -0.35743718,
       -0.05028584, -0.1168074 , -0.31189625,  0.38999704,  0.21548376,
       -0.34303029,  0.31992603, -0.2267155 ,  0.06404126,  0.11861932,
        0.38960768, -0.00781022,  0.44898798, -0.48738752,  0.11224069,
        0.10221663,  0.34921644,  0.02206951, -0.29753406,  0.13403349,
        0.16777165,  0.28196618,  0.00820661, -0.4577399 ,  0.45076667,
        0.49790023,  0.42241072,  0.16937894, -0.13183992,  0.00619307,
        0.44735964,  0.24006277, -0.26643097, -0.46050927]) 

Generation: 28 
 - Generation Avg Fit: 1175.328510054604 
 - Best Fitness: 2435.093101314569 
 - Worst Fitness: 0.0
 - Best Solution: array([-2.67150930e-02,  4.62886042e-01,  2.06273945e-01,  4.23442841e-01,
       -7.80424275e-02, -3.86781114e-01, -2.09265084e-01,  2.57168703e-01,
        4.20800633e-01, -3.28390500e-01,  4.49718280e-01,  1.51007075e-01,
        1.81264031e-01,  3.82144140e-01, -3.69256466e-01,  4.16200789e-01,
        1.45610716e-01, -4.33071550e-01, -4.13562664e-02, -4.07918340e-01,
       -4.26962130e-01,  4.55548358e-02, -1.42205981e-01,  3.71228828e-01,
       -4.06746150e-01,  2.59170465e-01,  2.25020351e-02, -4.75219683e-01,
       -8.48367739e-02, -4.04970041e-01,  1.86556578e-01,  2.03756786e-01,
        5.41663432e-02,  3.83131657e-01,  4.68494201e-01, -3.67581919e-01,
        1.44290298e-01,  1.18691339e-03, -3.67705695e-02, -4.55515594e-01,
        3.97746730e-01, -3.97182570e-01,  4.45822168e-01, -3.88089920e-01,
        2.11514441e-01,  1.42463888e-01,  4.38033571e-02,  1.94743581e-04,
        7.00379861e-03,  1.05478037e-01,  4.10936730e-01, -7.22255440e-03,
        1.61959760e-01,  4.66213326e-01,  2.77985961e-01, -4.85847975e-01,
        4.39103004e-01,  1.72511433e-01,  3.91368476e-01,  2.59633814e-01,
       -3.26308725e-01, -3.18585259e-01, -2.61017742e-01,  3.54355719e-01]) 

Generation: 29 
 - Generation Avg Fit: 1263.1821057793316 
 - Best Fitness: 2435.093101314569 
 - Worst Fitness: 0.0
 - Best Solution: array([ 0.16892351, -0.39774713,  0.38135796,  0.0815428 ,  0.37654479,
       -0.40997286, -0.19718247,  0.1078985 ,  0.14416438,  0.41039144,
        0.41474471,  0.43655816, -0.27028495, -0.10337133, -0.2663371 ,
        0.38142435, -0.48776891,  0.18838926,  0.05844849, -0.00968243,
        0.18255958, -0.47727743, -0.14632554, -0.05847618,  0.00827483,
        0.02492819,  0.49248515, -0.48674291, -0.38003183, -0.35743718,
       -0.05028584, -0.1168074 , -0.31189625,  0.38999704,  0.21548376,
       -0.34303029,  0.31992603, -0.2267155 ,  0.06404126,  0.11861932,
        0.38960768, -0.00781022,  0.44898798, -0.48738752,  0.11224069,
        0.10221663,  0.34921644,  0.02206951, -0.29753406,  0.13403349,
        0.16777165,  0.28196618,  0.00820661, -0.4577399 ,  0.45076667,
        0.49790023,  0.42241072,  0.16937894, -0.13183992,  0.00619307,
        0.44735964,  0.24006277, -0.26643097, -0.46050927]) 

Generation: 30 
 - Generation Avg Fit: 1200.921404968804 
 - Best Fitness: 2690.6591247242577 
 - Worst Fitness: 0.0
 - Best Solution: array([ 0.12628471, -0.47239105,  0.26092322, -0.14631739,  0.00071898,
       -0.33434951, -0.21168521,  0.10989938,  0.07540799,  0.29247543,
        0.38902395,  0.23380335, -0.20293017, -0.22585043,  0.49547651,
       -0.13566904, -0.29984161,  0.17428004,  0.04151805,  0.24565819,
       -0.21330905, -0.48409973, -0.12492076, -0.0710651 ,  0.34179332,
       -0.10811504,  0.24166514, -0.47706628,  0.29657271, -0.11040585,
        0.09900078,  0.20543525,  0.23477941,  0.06430157,  0.38213633,
       -0.21389013,  0.18488645, -0.39735755,  0.09421177,  0.16759974,
        0.3905641 , -0.13258618,  0.44109761, -0.39924412,  0.08381738,
        0.1440806 ,  0.45952227, -0.3043802 , -0.29346218,  0.10601579,
        0.21548028,  0.07471096, -0.45489609,  0.45903902,  0.43102556,
        0.3670229 , -0.37011948,  0.35056773,  0.20396816,  0.16240921,
        0.16886324, -0.0072722 , -0.25536653,  0.41625654]) 

Generation: 31 
 - Generation Avg Fit: 1276.2932897715689 
 - Best Fitness: 2690.6591247242577 
 - Worst Fitness: 0.0
 - Best Solution: array([ 0.16892351, -0.39774713,  0.38135796,  0.0815428 ,  0.37654479,
       -0.40997286, -0.19718247,  0.1078985 ,  0.14416438,  0.41039144,
        0.41474471,  0.43655816, -0.27028495, -0.10337133, -0.2663371 ,
        0.38142435, -0.48776891,  0.18838926,  0.05844849, -0.00968243,
        0.18255958, -0.47727743, -0.14632554, -0.05847618,  0.00827483,
        0.02492819,  0.49248515, -0.48674291, -0.38003183, -0.35743718,
       -0.05028584, -0.1168074 , -0.31189625,  0.38999704,  0.21548376,
       -0.34303029,  0.31992603, -0.2267155 ,  0.06404126,  0.11861932,
        0.38960768, -0.00781022,  0.44898798, -0.48738752,  0.11224069,
        0.10221663,  0.34921644,  0.02206951, -0.29753406,  0.13403349,
        0.16777165,  0.28196618,  0.00820661, -0.4577399 ,  0.45076667,
        0.49790023,  0.42241072,  0.16937894, -0.13183992,  0.00619307,
        0.44735964,  0.24006277, -0.26643097, -0.46050927]) 

Generation: 32 
 - Generation Avg Fit: 1349.899775888273 
 - Best Fitness: 3190.225163860693 
 - Worst Fitness: 0.0
 - Best Solution: array([ 0.18246243, -0.41165213,  0.33738684,  0.08838051,  0.33278981,
       -0.42488413, -0.16658859,  0.23201887, -0.28193415,  0.30948935,
        0.39183338, -0.16034037, -0.19434551, -0.24565465,  0.48446717,
       -0.1940512 ,  0.08179141, -0.02555395, -0.02584323, -0.27258899,
       -0.02821785,  0.01496254, -0.12883639,  0.41993373,  0.00642687,
        0.02212347,  0.24703902, -0.48674291, -0.21934107, -0.33941403,
        0.01553537, -0.10980137,  0.06663605,  0.40245592,  0.20865887,
       -0.33680828,  0.24538938, -0.14764427, -0.01712991, -0.03225588,
        0.07063448, -0.00445233,  0.45790192, -0.39532013,  0.08565578,
        0.40661088,  0.40302647,  0.02158718, -0.1713079 ,  0.13904548,
        0.172518  ,  0.02166605,  0.28225543, -0.28006748,  0.38799174,
        0.37712414,  0.34450996, -0.33980057,  0.39261716,  0.14200726,
        0.26912617,  0.25445489, -0.1650986 ,  0.33496925]) 

Generation: 33 
 - Generation Avg Fit: 1364.296097701802 
 - Best Fitness: 3190.225163860693 
 - Worst Fitness: 0.0
 - Best Solution: array([ 0.12628471, -0.47239105,  0.26092322, -0.14631739,  0.00071898,
       -0.33434951, -0.21168521,  0.10989938,  0.07540799,  0.29247543,
        0.38902395,  0.23380335, -0.20293017, -0.22585043,  0.49547651,
       -0.13566904, -0.29984161,  0.17428004,  0.04151805,  0.24565819,
       -0.21330905, -0.48409973, -0.12492076, -0.0710651 ,  0.34179332,
       -0.10811504,  0.24166514, -0.47706628,  0.29657271, -0.11040585,
        0.09900078,  0.20543525,  0.23477941,  0.06430157,  0.38213633,
       -0.21389013,  0.18488645, -0.39735755,  0.09421177,  0.16759974,
        0.3905641 , -0.13258618,  0.44109761, -0.39924412,  0.08381738,
        0.1440806 ,  0.45952227, -0.3043802 , -0.29346218,  0.10601579,
        0.21548028,  0.07471096, -0.45489609,  0.45903902,  0.43102556,
        0.3670229 , -0.37011948,  0.35056773,  0.20396816,  0.16240921,
        0.16886324, -0.0072722 , -0.25536653,  0.41625654]) 

Generation: 34 
 - Generation Avg Fit: 1261.6125173852465 
 - Best Fitness: 3190.225163860693 
 - Worst Fitness: 0.0
 - Best Solution: array([ 0.18246243, -0.41165213,  0.33738684,  0.08838051,  0.33278981,
       -0.42488413, -0.16658859,  0.23201887, -0.28193415,  0.30948935,
        0.39183338, -0.16034037, -0.19434551, -0.24565465,  0.48446717,
       -0.1940512 ,  0.08179141, -0.02555395, -0.02584323, -0.27258899,
       -0.02821785,  0.01496254, -0.12883639,  0.41993373,  0.00642687,
        0.02212347,  0.24703902, -0.48674291, -0.21934107, -0.33941403,
        0.01553537, -0.10980137,  0.06663605,  0.40245592,  0.20865887,
       -0.33680828,  0.24538938, -0.14764427, -0.01712991, -0.03225588,
        0.07063448, -0.00445233,  0.45790192, -0.39532013,  0.08565578,
        0.40661088,  0.40302647,  0.02158718, -0.1713079 ,  0.13904548,
        0.172518  ,  0.02166605,  0.28225543, -0.28006748,  0.38799174,
        0.37712414,  0.34450996, -0.33980057,  0.39261716,  0.14200726,
        0.26912617,  0.25445489, -0.1650986 ,  0.33496925]) 

Generation: 35 
 - Generation Avg Fit: 1398.03715599664 
 - Best Fitness: 3190.225163860693 
 - Worst Fitness: 0.0
 - Best Solution: array([ 0.18246243, -0.41165213,  0.33738684,  0.08838051,  0.33278981,
       -0.42488413, -0.16658859,  0.23201887, -0.28193415,  0.30948935,
        0.39183338, -0.16034037, -0.19434551, -0.24565465,  0.48446717,
       -0.1940512 ,  0.08179141, -0.02555395, -0.02584323, -0.27258899,
       -0.02821785,  0.01496254, -0.12883639,  0.41993373,  0.00642687,
        0.02212347,  0.24703902, -0.48674291, -0.21934107, -0.33941403,
        0.01553537, -0.10980137,  0.06663605,  0.40245592,  0.20865887,
       -0.33680828,  0.24538938, -0.14764427, -0.01712991, -0.03225588,
        0.07063448, -0.00445233,  0.45790192, -0.39532013,  0.08565578,
        0.40661088,  0.40302647,  0.02158718, -0.1713079 ,  0.13904548,
        0.172518  ,  0.02166605,  0.28225543, -0.28006748,  0.38799174,
        0.37712414,  0.34450996, -0.33980057,  0.39261716,  0.14200726,
        0.26912617,  0.25445489, -0.1650986 ,  0.33496925]) 

Generation: 36 
 - Generation Avg Fit: 1382.3430448293375 
 - Best Fitness: 3190.225163860693 
 - Worst Fitness: 0.0
 - Best Solution: array([ 0.18246243, -0.41165213,  0.33738684,  0.08838051,  0.33278981,
       -0.42488413, -0.16658859,  0.23201887, -0.28193415,  0.30948935,
        0.39183338, -0.16034037, -0.19434551, -0.24565465,  0.48446717,
       -0.1940512 ,  0.08179141, -0.02555395, -0.02584323, -0.27258899,
       -0.02821785,  0.01496254, -0.12883639,  0.41993373,  0.00642687,
        0.02212347,  0.24703902, -0.48674291, -0.21934107, -0.33941403,
        0.01553537, -0.10980137,  0.06663605,  0.40245592,  0.20865887,
       -0.33680828,  0.24538938, -0.14764427, -0.01712991, -0.03225588,
        0.07063448, -0.00445233,  0.45790192, -0.39532013,  0.08565578,
        0.40661088,  0.40302647,  0.02158718, -0.1713079 ,  0.13904548,
        0.172518  ,  0.02166605,  0.28225543, -0.28006748,  0.38799174,
        0.37712414,  0.34450996, -0.33980057,  0.39261716,  0.14200726,
        0.26912617,  0.25445489, -0.1650986 ,  0.33496925]) 

Generation: 37 
 - Generation Avg Fit: 1409.0250919775035 
 - Best Fitness: 3190.225163860693 
 - Worst Fitness: 0.0
 - Best Solution: array([ 0.18246243, -0.41165213,  0.33738684,  0.08838051,  0.33278981,
       -0.42488413, -0.16658859,  0.23201887, -0.28193415,  0.30948935,
        0.39183338, -0.16034037, -0.19434551, -0.24565465,  0.48446717,
       -0.1940512 ,  0.08179141, -0.02555395, -0.02584323, -0.27258899,
       -0.02821785,  0.01496254, -0.12883639,  0.41993373,  0.00642687,
        0.02212347,  0.24703902, -0.48674291, -0.21934107, -0.33941403,
        0.01553537, -0.10980137,  0.06663605,  0.40245592,  0.20865887,
       -0.33680828,  0.24538938, -0.14764427, -0.01712991, -0.03225588,
        0.07063448, -0.00445233,  0.45790192, -0.39532013,  0.08565578,
        0.40661088,  0.40302647,  0.02158718, -0.1713079 ,  0.13904548,
        0.172518  ,  0.02166605,  0.28225543, -0.28006748,  0.38799174,
        0.37712414,  0.34450996, -0.33980057,  0.39261716,  0.14200726,
        0.26912617,  0.25445489, -0.1650986 ,  0.33496925]) 

Generation: 38 
 - Generation Avg Fit: 1394.8680145020426 
 - Best Fitness: 3190.225163860693 
 - Worst Fitness: 0.0
 - Best Solution: array([ 0.18246243, -0.41165213,  0.33738684,  0.08838051,  0.33278981,
       -0.42488413, -0.16658859,  0.23201887, -0.28193415,  0.30948935,
        0.39183338, -0.16034037, -0.19434551, -0.24565465,  0.48446717,
       -0.1940512 ,  0.08179141, -0.02555395, -0.02584323, -0.27258899,
       -0.02821785,  0.01496254, -0.12883639,  0.41993373,  0.00642687,
        0.02212347,  0.24703902, -0.48674291, -0.21934107, -0.33941403,
        0.01553537, -0.10980137,  0.06663605,  0.40245592,  0.20865887,
       -0.33680828,  0.24538938, -0.14764427, -0.01712991, -0.03225588,
        0.07063448, -0.00445233,  0.45790192, -0.39532013,  0.08565578,
        0.40661088,  0.40302647,  0.02158718, -0.1713079 ,  0.13904548,
        0.172518  ,  0.02166605,  0.28225543, -0.28006748,  0.38799174,
        0.37712414,  0.34450996, -0.33980057,  0.39261716,  0.14200726,
        0.26912617,  0.25445489, -0.1650986 ,  0.33496925]) 

Generation: 39 
 - Generation Avg Fit: 1447.4781282933016 
 - Best Fitness: 3190.225163860693 
 - Worst Fitness: 0.0
 - Best Solution: array([ 0.18246243, -0.41165213,  0.33738684,  0.08838051,  0.33278981,
       -0.42488413, -0.16658859,  0.23201887, -0.28193415,  0.30948935,
        0.39183338, -0.16034037, -0.19434551, -0.24565465,  0.48446717,
       -0.1940512 ,  0.08179141, -0.02555395, -0.02584323, -0.27258899,
       -0.02821785,  0.01496254, -0.12883639,  0.41993373,  0.00642687,
        0.02212347,  0.24703902, -0.48674291, -0.21934107, -0.33941403,
        0.01553537, -0.10980137,  0.06663605,  0.40245592,  0.20865887,
       -0.33680828,  0.24538938, -0.14764427, -0.01712991, -0.03225588,
        0.07063448, -0.00445233,  0.45790192, -0.39532013,  0.08565578,
        0.40661088,  0.40302647,  0.02158718, -0.1713079 ,  0.13904548,
        0.172518  ,  0.02166605,  0.28225543, -0.28006748,  0.38799174,
        0.37712414,  0.34450996, -0.33980057,  0.39261716,  0.14200726,
        0.26912617,  0.25445489, -0.1650986 ,  0.33496925]) 

Generation: 40 
 - Generation Avg Fit: 1337.8746492419493 
 - Best Fitness: 3322.4762975214267 
 - Worst Fitness: 0.0
 - Best Solution: array([ 0.12096675, -0.35164748,  0.01453324,  0.4252756 ,  0.35023501,
       -0.41785985, -0.14283375, -0.32352259,  0.0084116 ,  0.39597555,
        0.46620158, -0.00435818, -0.10115442, -0.23085109, -0.24809171,
       -0.1801751 ,  0.19680359,  0.15144867,  0.46999935, -0.26946763,
       -0.01581652,  0.03565919, -0.12553671, -0.08304213,  0.01110208,
       -0.11920031,  0.47454384, -0.48287532,  0.15607228, -0.10745153,
        0.03081958, -0.11108232, -0.26018906,  0.0620856 ,  0.20592168,
       -0.33291736,  0.15906677,  0.00483473, -0.15628254,  0.48928314,
        0.18220971, -0.41177063,  0.46015918,  0.024952  ,  0.09800893,
       -0.4137219 ,  0.40889091,  0.0129852 ,  0.03535055,  0.30479797,
        0.15574518, -0.45700794, -0.44040958, -0.03931774,  0.27843222,
       -0.50528117, -0.00697861,  0.27251989,  0.39888356,  0.22736446,
       -0.3223684 , -0.02197726, -0.17425831,  0.23109705]) 

Generation: 41 
 - Generation Avg Fit: 1449.9639684287943 
 - Best Fitness: 3322.4762975214267 
 - Worst Fitness: 0.0
 - Best Solution: array([ 0.18246243, -0.41165213,  0.33738684,  0.08838051,  0.33278981,
       -0.42488413, -0.16658859,  0.23201887, -0.28193415,  0.30948935,
        0.39183338, -0.16034037, -0.19434551, -0.24565465,  0.48446717,
       -0.1940512 ,  0.08179141, -0.02555395, -0.02584323, -0.27258899,
       -0.02821785,  0.01496254, -0.12883639,  0.41993373,  0.00642687,
        0.02212347,  0.24703902, -0.48674291, -0.21934107, -0.33941403,
        0.01553537, -0.10980137,  0.06663605,  0.40245592,  0.20865887,
       -0.33680828,  0.24538938, -0.14764427, -0.01712991, -0.03225588,
        0.07063448, -0.00445233,  0.45790192, -0.39532013,  0.08565578,
        0.40661088,  0.40302647,  0.02158718, -0.1713079 ,  0.13904548,
        0.172518  ,  0.02166605,  0.28225543, -0.28006748,  0.38799174,
        0.37712414,  0.34450996, -0.33980057,  0.39261716,  0.14200726,
        0.26912617,  0.25445489, -0.1650986 ,  0.33496925]) 

Generation: 42 
 - Generation Avg Fit: 1465.9321856714125 
 - Best Fitness: 3322.4762975214267 
 - Worst Fitness: 0.0
 - Best Solution: array([ 0.12096675, -0.35164748,  0.01453324,  0.4252756 ,  0.35023501,
       -0.41785985, -0.14283375, -0.32352259,  0.0084116 ,  0.39597555,
        0.46620158, -0.00435818, -0.10115442, -0.23085109, -0.24809171,
       -0.1801751 ,  0.19680359,  0.15144867,  0.46999935, -0.26946763,
       -0.01581652,  0.03565919, -0.12553671, -0.08304213,  0.01110208,
       -0.11920031,  0.47454384, -0.48287532,  0.15607228, -0.10745153,
        0.03081958, -0.11108232, -0.26018906,  0.0620856 ,  0.20592168,
       -0.33291736,  0.15906677,  0.00483473, -0.15628254,  0.48928314,
        0.18220971, -0.41177063,  0.46015918,  0.024952  ,  0.09800893,
       -0.4137219 ,  0.40889091,  0.0129852 ,  0.03535055,  0.30479797,
        0.15574518, -0.45700794, -0.44040958, -0.03931774,  0.27843222,
       -0.50528117, -0.00697861,  0.27251989,  0.39888356,  0.22736446,
       -0.3223684 , -0.02197726, -0.17425831,  0.23109705]) 

Generation: 43 
 - Generation Avg Fit: 1463.72024028506 
 - Best Fitness: 3322.4762975214267 
 - Worst Fitness: 0.0
 - Best Solution: array([ 0.12096675, -0.35164748,  0.01453324,  0.4252756 ,  0.35023501,
       -0.41785985, -0.14283375, -0.32352259,  0.0084116 ,  0.39597555,
        0.46620158, -0.00435818, -0.10115442, -0.23085109, -0.24809171,
       -0.1801751 ,  0.19680359,  0.15144867,  0.46999935, -0.26946763,
       -0.01581652,  0.03565919, -0.12553671, -0.08304213,  0.01110208,
       -0.11920031,  0.47454384, -0.48287532,  0.15607228, -0.10745153,
        0.03081958, -0.11108232, -0.26018906,  0.0620856 ,  0.20592168,
       -0.33291736,  0.15906677,  0.00483473, -0.15628254,  0.48928314,
        0.18220971, -0.41177063,  0.46015918,  0.024952  ,  0.09800893,
       -0.4137219 ,  0.40889091,  0.0129852 ,  0.03535055,  0.30479797,
        0.15574518, -0.45700794, -0.44040958, -0.03931774,  0.27843222,
       -0.50528117, -0.00697861,  0.27251989,  0.39888356,  0.22736446,
       -0.3223684 , -0.02197726, -0.17425831,  0.23109705]) 

Generation: 44 
 - Generation Avg Fit: 1573.41261056792 
 - Best Fitness: 3322.4762975214267 
 - Worst Fitness: 0.0
 - Best Solution: array([ 0.12096675, -0.35164748,  0.01453324,  0.4252756 ,  0.35023501,
       -0.41785985, -0.14283375, -0.32352259,  0.0084116 ,  0.39597555,
        0.46620158, -0.00435818, -0.10115442, -0.23085109, -0.24809171,
       -0.1801751 ,  0.19680359,  0.15144867,  0.46999935, -0.26946763,
       -0.01581652,  0.03565919, -0.12553671, -0.08304213,  0.01110208,
       -0.11920031,  0.47454384, -0.48287532,  0.15607228, -0.10745153,
        0.03081958, -0.11108232, -0.26018906,  0.0620856 ,  0.20592168,
       -0.33291736,  0.15906677,  0.00483473, -0.15628254,  0.48928314,
        0.18220971, -0.41177063,  0.46015918,  0.024952  ,  0.09800893,
       -0.4137219 ,  0.40889091,  0.0129852 ,  0.03535055,  0.30479797,
        0.15574518, -0.45700794, -0.44040958, -0.03931774,  0.27843222,
       -0.50528117, -0.00697861,  0.27251989,  0.39888356,  0.22736446,
       -0.3223684 , -0.02197726, -0.17425831,  0.23109705]) 

Generation: 45 
 - Generation Avg Fit: 1529.4350293221628 
 - Best Fitness: 3322.4762975214267 
 - Worst Fitness: 0.0
 - Best Solution: array([ 0.12096675, -0.35164748,  0.01453324,  0.4252756 ,  0.35023501,
       -0.41785985, -0.14283375, -0.32352259,  0.0084116 ,  0.39597555,
        0.46620158, -0.00435818, -0.10115442, -0.23085109, -0.24809171,
       -0.1801751 ,  0.19680359,  0.15144867,  0.46999935, -0.26946763,
       -0.01581652,  0.03565919, -0.12553671, -0.08304213,  0.01110208,
       -0.11920031,  0.47454384, -0.48287532,  0.15607228, -0.10745153,
        0.03081958, -0.11108232, -0.26018906,  0.0620856 ,  0.20592168,
       -0.33291736,  0.15906677,  0.00483473, -0.15628254,  0.48928314,
        0.18220971, -0.41177063,  0.46015918,  0.024952  ,  0.09800893,
       -0.4137219 ,  0.40889091,  0.0129852 ,  0.03535055,  0.30479797,
        0.15574518, -0.45700794, -0.44040958, -0.03931774,  0.27843222,
       -0.50528117, -0.00697861,  0.27251989,  0.39888356,  0.22736446,
       -0.3223684 , -0.02197726, -0.17425831,  0.23109705]) 

Generation: 46 
 - Generation Avg Fit: 1458.9382968425218 
 - Best Fitness: 3322.4762975214267 
 - Worst Fitness: 0.0
 - Best Solution: array([ 0.12096675, -0.35164748,  0.01453324,  0.4252756 ,  0.35023501,
       -0.41785985, -0.14283375, -0.32352259,  0.0084116 ,  0.39597555,
        0.46620158, -0.00435818, -0.10115442, -0.23085109, -0.24809171,
       -0.1801751 ,  0.19680359,  0.15144867,  0.46999935, -0.26946763,
       -0.01581652,  0.03565919, -0.12553671, -0.08304213,  0.01110208,
       -0.11920031,  0.47454384, -0.48287532,  0.15607228, -0.10745153,
        0.03081958, -0.11108232, -0.26018906,  0.0620856 ,  0.20592168,
       -0.33291736,  0.15906677,  0.00483473, -0.15628254,  0.48928314,
        0.18220971, -0.41177063,  0.46015918,  0.024952  ,  0.09800893,
       -0.4137219 ,  0.40889091,  0.0129852 ,  0.03535055,  0.30479797,
        0.15574518, -0.45700794, -0.44040958, -0.03931774,  0.27843222,
       -0.50528117, -0.00697861,  0.27251989,  0.39888356,  0.22736446,
       -0.3223684 , -0.02197726, -0.17425831,  0.23109705]) 

Generation: 47 
 - Generation Avg Fit: 1485.004467039755 
 - Best Fitness: 3363.459931408853 
 - Worst Fitness: 0.0
 - Best Solution: array([-0.23635797, -0.00831235, -0.15409364,  0.09804608, -0.2009665 ,
       -0.4210039 , -0.18200839,  0.25813765, -0.41620211,  0.29266548,
        0.21538336,  0.42822108, -0.34567282, -0.32872088,  0.48786306,
       -0.17793839,  0.20758519, -0.01660569,  0.06662012, -0.27205119,
       -0.16945448,  0.0555143 , -0.45092884, -0.05524878,  0.04295487,
        0.10232573,  0.47519559, -0.33222786,  0.15740613, -0.13015109,
        0.02690091, -0.10640455,  0.25829205,  0.05195887,  0.20490157,
       -0.34722681,  0.29334944,  0.00920621, -0.02638968,  0.16777715,
        0.07140175, -0.08708386,  0.45262718, -0.41146632,  0.0994194 ,
        0.10118927,  0.47564589, -0.18692984, -0.1622075 ,  0.12913501,
        0.18007726, -0.4627382 ,  0.2798281 , -0.45998422,  0.38431922,
        0.36570158,  0.0073856 ,  0.17614384,  0.19119968,  0.14224446,
       -0.34579958,  0.25195353, -0.32211549,  0.33496925]) 

Generation: 48 
 - Generation Avg Fit: 1646.0132662038625 
 - Best Fitness: 3363.459931408853 
 - Worst Fitness: 0.0
 - Best Solution: array([ 0.12096675, -0.35164748,  0.01453324,  0.4252756 ,  0.35023501,
       -0.41785985, -0.14283375, -0.32352259,  0.0084116 ,  0.39597555,
        0.46620158, -0.00435818, -0.10115442, -0.23085109, -0.24809171,
       -0.1801751 ,  0.19680359,  0.15144867,  0.46999935, -0.26946763,
       -0.01581652,  0.03565919, -0.12553671, -0.08304213,  0.01110208,
       -0.11920031,  0.47454384, -0.48287532,  0.15607228, -0.10745153,
        0.03081958, -0.11108232, -0.26018906,  0.0620856 ,  0.20592168,
       -0.33291736,  0.15906677,  0.00483473, -0.15628254,  0.48928314,
        0.18220971, -0.41177063,  0.46015918,  0.024952  ,  0.09800893,
       -0.4137219 ,  0.40889091,  0.0129852 ,  0.03535055,  0.30479797,
        0.15574518, -0.45700794, -0.44040958, -0.03931774,  0.27843222,
       -0.50528117, -0.00697861,  0.27251989,  0.39888356,  0.22736446,
       -0.3223684 , -0.02197726, -0.17425831,  0.23109705]) 

Generation: 49 
 - Generation Avg Fit: 1596.8133494941255 
 - Best Fitness: 3363.459931408853 
 - Worst Fitness: 0.0
 - Best Solution: array([-0.23635797, -0.00831235, -0.15409364,  0.09804608, -0.2009665 ,
       -0.4210039 , -0.18200839,  0.25813765, -0.41620211,  0.29266548,
        0.21538336,  0.42822108, -0.34567282, -0.32872088,  0.48786306,
       -0.17793839,  0.20758519, -0.01660569,  0.06662012, -0.27205119,
       -0.16945448,  0.0555143 , -0.45092884, -0.05524878,  0.04295487,
        0.10232573,  0.47519559, -0.33222786,  0.15740613, -0.13015109,
        0.02690091, -0.10640455,  0.25829205,  0.05195887,  0.20490157,
       -0.34722681,  0.29334944,  0.00920621, -0.02638968,  0.16777715,
        0.07140175, -0.08708386,  0.45262718, -0.41146632,  0.0994194 ,
        0.10118927,  0.47564589, -0.18692984, -0.1622075 ,  0.12913501,
        0.18007726, -0.4627382 ,  0.2798281 , -0.45998422,  0.38431922,
        0.36570158,  0.0073856 ,  0.17614384,  0.19119968,  0.14224446,
       -0.34579958,  0.25195353, -0.32211549,  0.33496925]) 

Generation: 50 
 - Generation Avg Fit: 1578.6448845515124 
 - Best Fitness: 3363.459931408853 
 - Worst Fitness: 0.0
 - Best Solution: array([-0.23635797, -0.00831235, -0.15409364,  0.09804608, -0.2009665 ,
       -0.4210039 , -0.18200839,  0.25813765, -0.41620211,  0.29266548,
        0.21538336,  0.42822108, -0.34567282, -0.32872088,  0.48786306,
       -0.17793839,  0.20758519, -0.01660569,  0.06662012, -0.27205119,
       -0.16945448,  0.0555143 , -0.45092884, -0.05524878,  0.04295487,
        0.10232573,  0.47519559, -0.33222786,  0.15740613, -0.13015109,
        0.02690091, -0.10640455,  0.25829205,  0.05195887,  0.20490157,
       -0.34722681,  0.29334944,  0.00920621, -0.02638968,  0.16777715,
        0.07140175, -0.08708386,  0.45262718, -0.41146632,  0.0994194 ,
        0.10118927,  0.47564589, -0.18692984, -0.1622075 ,  0.12913501,
        0.18007726, -0.4627382 ,  0.2798281 , -0.45998422,  0.38431922,
        0.36570158,  0.0073856 ,  0.17614384,  0.19119968,  0.14224446,
       -0.34579958,  0.25195353, -0.32211549,  0.33496925]) 

Generation: 51 
 - Generation Avg Fit: 1537.1094965127593 
 - Best Fitness: 3363.459931408853 
 - Worst Fitness: 0.0
 - Best Solution: array([-0.23635797, -0.00831235, -0.15409364,  0.09804608, -0.2009665 ,
       -0.4210039 , -0.18200839,  0.25813765, -0.41620211,  0.29266548,
        0.21538336,  0.42822108, -0.34567282, -0.32872088,  0.48786306,
       -0.17793839,  0.20758519, -0.01660569,  0.06662012, -0.27205119,
       -0.16945448,  0.0555143 , -0.45092884, -0.05524878,  0.04295487,
        0.10232573,  0.47519559, -0.33222786,  0.15740613, -0.13015109,
        0.02690091, -0.10640455,  0.25829205,  0.05195887,  0.20490157,
       -0.34722681,  0.29334944,  0.00920621, -0.02638968,  0.16777715,
        0.07140175, -0.08708386,  0.45262718, -0.41146632,  0.0994194 ,
        0.10118927,  0.47564589, -0.18692984, -0.1622075 ,  0.12913501,
        0.18007726, -0.4627382 ,  0.2798281 , -0.45998422,  0.38431922,
        0.36570158,  0.0073856 ,  0.17614384,  0.19119968,  0.14224446,
       -0.34579958,  0.25195353, -0.32211549,  0.33496925]) 

Generation: 52 
 - Generation Avg Fit: 1585.3462785359982 
 - Best Fitness: 3363.459931408853 
 - Worst Fitness: 0.0
 - Best Solution: array([-0.23635797, -0.00831235, -0.15409364,  0.09804608, -0.2009665 ,
       -0.4210039 , -0.18200839,  0.25813765, -0.41620211,  0.29266548,
        0.21538336,  0.42822108, -0.34567282, -0.32872088,  0.48786306,
       -0.17793839,  0.20758519, -0.01660569,  0.06662012, -0.27205119,
       -0.16945448,  0.0555143 , -0.45092884, -0.05524878,  0.04295487,
        0.10232573,  0.47519559, -0.33222786,  0.15740613, -0.13015109,
        0.02690091, -0.10640455,  0.25829205,  0.05195887,  0.20490157,
       -0.34722681,  0.29334944,  0.00920621, -0.02638968,  0.16777715,
        0.07140175, -0.08708386,  0.45262718, -0.41146632,  0.0994194 ,
        0.10118927,  0.47564589, -0.18692984, -0.1622075 ,  0.12913501,
        0.18007726, -0.4627382 ,  0.2798281 , -0.45998422,  0.38431922,
        0.36570158,  0.0073856 ,  0.17614384,  0.19119968,  0.14224446,
       -0.34579958,  0.25195353, -0.32211549,  0.33496925]) 

Generation: 53 
 - Generation Avg Fit: 1562.1729696591262 
 - Best Fitness: 3363.459931408853 
 - Worst Fitness: 0.0
 - Best Solution: array([-0.23635797, -0.00831235, -0.15409364,  0.09804608, -0.2009665 ,
       -0.4210039 , -0.18200839,  0.25813765, -0.41620211,  0.29266548,
        0.21538336,  0.42822108, -0.34567282, -0.32872088,  0.48786306,
       -0.17793839,  0.20758519, -0.01660569,  0.06662012, -0.27205119,
       -0.16945448,  0.0555143 , -0.45092884, -0.05524878,  0.04295487,
        0.10232573,  0.47519559, -0.33222786,  0.15740613, -0.13015109,
        0.02690091, -0.10640455,  0.25829205,  0.05195887,  0.20490157,
       -0.34722681,  0.29334944,  0.00920621, -0.02638968,  0.16777715,
        0.07140175, -0.08708386,  0.45262718, -0.41146632,  0.0994194 ,
        0.10118927,  0.47564589, -0.18692984, -0.1622075 ,  0.12913501,
        0.18007726, -0.4627382 ,  0.2798281 , -0.45998422,  0.38431922,
        0.36570158,  0.0073856 ,  0.17614384,  0.19119968,  0.14224446,
       -0.34579958,  0.25195353, -0.32211549,  0.33496925]) 

Generation: 54 
 - Generation Avg Fit: 1682.4108508646127 
 - Best Fitness: 3363.459931408853 
 - Worst Fitness: 0.0
 - Best Solution: array([-0.23635797, -0.00831235, -0.15409364,  0.09804608, -0.2009665 ,
       -0.4210039 , -0.18200839,  0.25813765, -0.41620211,  0.29266548,
        0.21538336,  0.42822108, -0.34567282, -0.32872088,  0.48786306,
       -0.17793839,  0.20758519, -0.01660569,  0.06662012, -0.27205119,
       -0.16945448,  0.0555143 , -0.45092884, -0.05524878,  0.04295487,
        0.10232573,  0.47519559, -0.33222786,  0.15740613, -0.13015109,
        0.02690091, -0.10640455,  0.25829205,  0.05195887,  0.20490157,
       -0.34722681,  0.29334944,  0.00920621, -0.02638968,  0.16777715,
        0.07140175, -0.08708386,  0.45262718, -0.41146632,  0.0994194 ,
        0.10118927,  0.47564589, -0.18692984, -0.1622075 ,  0.12913501,
        0.18007726, -0.4627382 ,  0.2798281 , -0.45998422,  0.38431922,
        0.36570158,  0.0073856 ,  0.17614384,  0.19119968,  0.14224446,
       -0.34579958,  0.25195353, -0.32211549,  0.33496925]) 

Generation: 55 
 - Generation Avg Fit: 1607.7492068964013 
 - Best Fitness: 3363.459931408853 
 - Worst Fitness: 0.0
 - Best Solution: array([-0.23635797, -0.00831235, -0.15409364,  0.09804608, -0.2009665 ,
       -0.4210039 , -0.18200839,  0.25813765, -0.41620211,  0.29266548,
        0.21538336,  0.42822108, -0.34567282, -0.32872088,  0.48786306,
       -0.17793839,  0.20758519, -0.01660569,  0.06662012, -0.27205119,
       -0.16945448,  0.0555143 , -0.45092884, -0.05524878,  0.04295487,
        0.10232573,  0.47519559, -0.33222786,  0.15740613, -0.13015109,
        0.02690091, -0.10640455,  0.25829205,  0.05195887,  0.20490157,
       -0.34722681,  0.29334944,  0.00920621, -0.02638968,  0.16777715,
        0.07140175, -0.08708386,  0.45262718, -0.41146632,  0.0994194 ,
        0.10118927,  0.47564589, -0.18692984, -0.1622075 ,  0.12913501,
        0.18007726, -0.4627382 ,  0.2798281 , -0.45998422,  0.38431922,
        0.36570158,  0.0073856 ,  0.17614384,  0.19119968,  0.14224446,
       -0.34579958,  0.25195353, -0.32211549,  0.33496925]) 

Generation: 56 
 - Generation Avg Fit: 1674.4744018996835 
 - Best Fitness: 3363.459931408853 
 - Worst Fitness: 0.0
 - Best Solution: array([-0.23635797, -0.00831235, -0.15409364,  0.09804608, -0.2009665 ,
       -0.4210039 , -0.18200839,  0.25813765, -0.41620211,  0.29266548,
        0.21538336,  0.42822108, -0.34567282, -0.32872088,  0.48786306,
       -0.17793839,  0.20758519, -0.01660569,  0.06662012, -0.27205119,
       -0.16945448,  0.0555143 , -0.45092884, -0.05524878,  0.04295487,
        0.10232573,  0.47519559, -0.33222786,  0.15740613, -0.13015109,
        0.02690091, -0.10640455,  0.25829205,  0.05195887,  0.20490157,
       -0.34722681,  0.29334944,  0.00920621, -0.02638968,  0.16777715,
        0.07140175, -0.08708386,  0.45262718, -0.41146632,  0.0994194 ,
        0.10118927,  0.47564589, -0.18692984, -0.1622075 ,  0.12913501,
        0.18007726, -0.4627382 ,  0.2798281 , -0.45998422,  0.38431922,
        0.36570158,  0.0073856 ,  0.17614384,  0.19119968,  0.14224446,
       -0.34579958,  0.25195353, -0.32211549,  0.33496925]) 

Generation: 57 
 - Generation Avg Fit: 1627.531903000953 
 - Best Fitness: 3363.459931408853 
 - Worst Fitness: 0.0
 - Best Solution: array([-0.23635797, -0.00831235, -0.15409364,  0.09804608, -0.2009665 ,
       -0.4210039 , -0.18200839,  0.25813765, -0.41620211,  0.29266548,
        0.21538336,  0.42822108, -0.34567282, -0.32872088,  0.48786306,
       -0.17793839,  0.20758519, -0.01660569,  0.06662012, -0.27205119,
       -0.16945448,  0.0555143 , -0.45092884, -0.05524878,  0.04295487,
        0.10232573,  0.47519559, -0.33222786,  0.15740613, -0.13015109,
        0.02690091, -0.10640455,  0.25829205,  0.05195887,  0.20490157,
       -0.34722681,  0.29334944,  0.00920621, -0.02638968,  0.16777715,
        0.07140175, -0.08708386,  0.45262718, -0.41146632,  0.0994194 ,
        0.10118927,  0.47564589, -0.18692984, -0.1622075 ,  0.12913501,
        0.18007726, -0.4627382 ,  0.2798281 , -0.45998422,  0.38431922,
        0.36570158,  0.0073856 ,  0.17614384,  0.19119968,  0.14224446,
       -0.34579958,  0.25195353, -0.32211549,  0.33496925]) 

Generation: 58 
 - Generation Avg Fit: 1701.5403900378205 
 - Best Fitness: 3363.459931408853 
 - Worst Fitness: 0.0
 - Best Solution: array([-0.23635797, -0.00831235, -0.15409364,  0.09804608, -0.2009665 ,
       -0.4210039 , -0.18200839,  0.25813765, -0.41620211,  0.29266548,
        0.21538336,  0.42822108, -0.34567282, -0.32872088,  0.48786306,
       -0.17793839,  0.20758519, -0.01660569,  0.06662012, -0.27205119,
       -0.16945448,  0.0555143 , -0.45092884, -0.05524878,  0.04295487,
        0.10232573,  0.47519559, -0.33222786,  0.15740613, -0.13015109,
        0.02690091, -0.10640455,  0.25829205,  0.05195887,  0.20490157,
       -0.34722681,  0.29334944,  0.00920621, -0.02638968,  0.16777715,
        0.07140175, -0.08708386,  0.45262718, -0.41146632,  0.0994194 ,
        0.10118927,  0.47564589, -0.18692984, -0.1622075 ,  0.12913501,
        0.18007726, -0.4627382 ,  0.2798281 , -0.45998422,  0.38431922,
        0.36570158,  0.0073856 ,  0.17614384,  0.19119968,  0.14224446,
       -0.34579958,  0.25195353, -0.32211549,  0.33496925]) 

Generation: 59 
 - Generation Avg Fit: 1814.2887369676191 
 - Best Fitness: 3363.459931408853 
 - Worst Fitness: 0.0
 - Best Solution: array([-0.23635797, -0.00831235, -0.15409364,  0.09804608, -0.2009665 ,
       -0.4210039 , -0.18200839,  0.25813765, -0.41620211,  0.29266548,
        0.21538336,  0.42822108, -0.34567282, -0.32872088,  0.48786306,
       -0.17793839,  0.20758519, -0.01660569,  0.06662012, -0.27205119,
       -0.16945448,  0.0555143 , -0.45092884, -0.05524878,  0.04295487,
        0.10232573,  0.47519559, -0.33222786,  0.15740613, -0.13015109,
        0.02690091, -0.10640455,  0.25829205,  0.05195887,  0.20490157,
       -0.34722681,  0.29334944,  0.00920621, -0.02638968,  0.16777715,
        0.07140175, -0.08708386,  0.45262718, -0.41146632,  0.0994194 ,
        0.10118927,  0.47564589, -0.18692984, -0.1622075 ,  0.12913501,
        0.18007726, -0.4627382 ,  0.2798281 , -0.45998422,  0.38431922,
        0.36570158,  0.0073856 ,  0.17614384,  0.19119968,  0.14224446,
       -0.34579958,  0.25195353, -0.32211549,  0.33496925]) 

Generation: 60 
 - Generation Avg Fit: 1709.2401349374722 
 - Best Fitness: 3363.459931408853 
 - Worst Fitness: 0.0
 - Best Solution: array([-0.23635797, -0.00831235, -0.15409364,  0.09804608, -0.2009665 ,
       -0.4210039 , -0.18200839,  0.25813765, -0.41620211,  0.29266548,
        0.21538336,  0.42822108, -0.34567282, -0.32872088,  0.48786306,
       -0.17793839,  0.20758519, -0.01660569,  0.06662012, -0.27205119,
       -0.16945448,  0.0555143 , -0.45092884, -0.05524878,  0.04295487,
        0.10232573,  0.47519559, -0.33222786,  0.15740613, -0.13015109,
        0.02690091, -0.10640455,  0.25829205,  0.05195887,  0.20490157,
       -0.34722681,  0.29334944,  0.00920621, -0.02638968,  0.16777715,
        0.07140175, -0.08708386,  0.45262718, -0.41146632,  0.0994194 ,
        0.10118927,  0.47564589, -0.18692984, -0.1622075 ,  0.12913501,
        0.18007726, -0.4627382 ,  0.2798281 , -0.45998422,  0.38431922,
        0.36570158,  0.0073856 ,  0.17614384,  0.19119968,  0.14224446,
       -0.34579958,  0.25195353, -0.32211549,  0.33496925]) 

Generation: 61 
 - Generation Avg Fit: 1680.918436727082 
 - Best Fitness: 3363.459931408853 
 - Worst Fitness: 0.0
 - Best Solution: array([-0.23635797, -0.00831235, -0.15409364,  0.09804608, -0.2009665 ,
       -0.4210039 , -0.18200839,  0.25813765, -0.41620211,  0.29266548,
        0.21538336,  0.42822108, -0.34567282, -0.32872088,  0.48786306,
       -0.17793839,  0.20758519, -0.01660569,  0.06662012, -0.27205119,
       -0.16945448,  0.0555143 , -0.45092884, -0.05524878,  0.04295487,
        0.10232573,  0.47519559, -0.33222786,  0.15740613, -0.13015109,
        0.02690091, -0.10640455,  0.25829205,  0.05195887,  0.20490157,
       -0.34722681,  0.29334944,  0.00920621, -0.02638968,  0.16777715,
        0.07140175, -0.08708386,  0.45262718, -0.41146632,  0.0994194 ,
        0.10118927,  0.47564589, -0.18692984, -0.1622075 ,  0.12913501,
        0.18007726, -0.4627382 ,  0.2798281 , -0.45998422,  0.38431922,
        0.36570158,  0.0073856 ,  0.17614384,  0.19119968,  0.14224446,
       -0.34579958,  0.25195353, -0.32211549,  0.33496925]) 

Generation: 62 
 - Generation Avg Fit: 1597.315047482661 
 - Best Fitness: 3363.459931408853 
 - Worst Fitness: 0.0
 - Best Solution: array([-0.23635797, -0.00831235, -0.15409364,  0.09804608, -0.2009665 ,
       -0.4210039 , -0.18200839,  0.25813765, -0.41620211,  0.29266548,
        0.21538336,  0.42822108, -0.34567282, -0.32872088,  0.48786306,
       -0.17793839,  0.20758519, -0.01660569,  0.06662012, -0.27205119,
       -0.16945448,  0.0555143 , -0.45092884, -0.05524878,  0.04295487,
        0.10232573,  0.47519559, -0.33222786,  0.15740613, -0.13015109,
        0.02690091, -0.10640455,  0.25829205,  0.05195887,  0.20490157,
       -0.34722681,  0.29334944,  0.00920621, -0.02638968,  0.16777715,
        0.07140175, -0.08708386,  0.45262718, -0.41146632,  0.0994194 ,
        0.10118927,  0.47564589, -0.18692984, -0.1622075 ,  0.12913501,
        0.18007726, -0.4627382 ,  0.2798281 , -0.45998422,  0.38431922,
        0.36570158,  0.0073856 ,  0.17614384,  0.19119968,  0.14224446,
       -0.34579958,  0.25195353, -0.32211549,  0.33496925]) 

Generation: 63 
 - Generation Avg Fit: 1723.8452770391043 
 - Best Fitness: 3363.459931408853 
 - Worst Fitness: 0.0
 - Best Solution: array([-0.23635797, -0.00831235, -0.15409364,  0.09804608, -0.2009665 ,
       -0.4210039 , -0.18200839,  0.25813765, -0.41620211,  0.29266548,
        0.21538336,  0.42822108, -0.34567282, -0.32872088,  0.48786306,
       -0.17793839,  0.20758519, -0.01660569,  0.06662012, -0.27205119,
       -0.16945448,  0.0555143 , -0.45092884, -0.05524878,  0.04295487,
        0.10232573,  0.47519559, -0.33222786,  0.15740613, -0.13015109,
        0.02690091, -0.10640455,  0.25829205,  0.05195887,  0.20490157,
       -0.34722681,  0.29334944,  0.00920621, -0.02638968,  0.16777715,
        0.07140175, -0.08708386,  0.45262718, -0.41146632,  0.0994194 ,
        0.10118927,  0.47564589, -0.18692984, -0.1622075 ,  0.12913501,
        0.18007726, -0.4627382 ,  0.2798281 , -0.45998422,  0.38431922,
        0.36570158,  0.0073856 ,  0.17614384,  0.19119968,  0.14224446,
       -0.34579958,  0.25195353, -0.32211549,  0.33496925]) 

Generation: 64 
 - Generation Avg Fit: 1722.5605348752679 
 - Best Fitness: 3363.459931408853 
 - Worst Fitness: 0.0
 - Best Solution: array([-0.23635797, -0.00831235, -0.15409364,  0.09804608, -0.2009665 ,
       -0.4210039 , -0.18200839,  0.25813765, -0.41620211,  0.29266548,
        0.21538336,  0.42822108, -0.34567282, -0.32872088,  0.48786306,
       -0.17793839,  0.20758519, -0.01660569,  0.06662012, -0.27205119,
       -0.16945448,  0.0555143 , -0.45092884, -0.05524878,  0.04295487,
        0.10232573,  0.47519559, -0.33222786,  0.15740613, -0.13015109,
        0.02690091, -0.10640455,  0.25829205,  0.05195887,  0.20490157,
       -0.34722681,  0.29334944,  0.00920621, -0.02638968,  0.16777715,
        0.07140175, -0.08708386,  0.45262718, -0.41146632,  0.0994194 ,
        0.10118927,  0.47564589, -0.18692984, -0.1622075 ,  0.12913501,
        0.18007726, -0.4627382 ,  0.2798281 , -0.45998422,  0.38431922,
        0.36570158,  0.0073856 ,  0.17614384,  0.19119968,  0.14224446,
       -0.34579958,  0.25195353, -0.32211549,  0.33496925]) 

Generation: 65 
 - Generation Avg Fit: 1694.6815963169759 
 - Best Fitness: 3363.459931408853 
 - Worst Fitness: 0.0
 - Best Solution: array([-0.23635797, -0.00831235, -0.15409364,  0.09804608, -0.2009665 ,
       -0.4210039 , -0.18200839,  0.25813765, -0.41620211,  0.29266548,
        0.21538336,  0.42822108, -0.34567282, -0.32872088,  0.48786306,
       -0.17793839,  0.20758519, -0.01660569,  0.06662012, -0.27205119,
       -0.16945448,  0.0555143 , -0.45092884, -0.05524878,  0.04295487,
        0.10232573,  0.47519559, -0.33222786,  0.15740613, -0.13015109,
        0.02690091, -0.10640455,  0.25829205,  0.05195887,  0.20490157,
       -0.34722681,  0.29334944,  0.00920621, -0.02638968,  0.16777715,
        0.07140175, -0.08708386,  0.45262718, -0.41146632,  0.0994194 ,
        0.10118927,  0.47564589, -0.18692984, -0.1622075 ,  0.12913501,
        0.18007726, -0.4627382 ,  0.2798281 , -0.45998422,  0.38431922,
        0.36570158,  0.0073856 ,  0.17614384,  0.19119968,  0.14224446,
       -0.34579958,  0.25195353, -0.32211549,  0.33496925]) 

Generation: 66 
 - Generation Avg Fit: 1777.856521465722 
 - Best Fitness: 3363.459931408853 
 - Worst Fitness: 0.0
 - Best Solution: array([-0.23635797, -0.00831235, -0.15409364,  0.09804608, -0.2009665 ,
       -0.4210039 , -0.18200839,  0.25813765, -0.41620211,  0.29266548,
        0.21538336,  0.42822108, -0.34567282, -0.32872088,  0.48786306,
       -0.17793839,  0.20758519, -0.01660569,  0.06662012, -0.27205119,
       -0.16945448,  0.0555143 , -0.45092884, -0.05524878,  0.04295487,
        0.10232573,  0.47519559, -0.33222786,  0.15740613, -0.13015109,
        0.02690091, -0.10640455,  0.25829205,  0.05195887,  0.20490157,
       -0.34722681,  0.29334944,  0.00920621, -0.02638968,  0.16777715,
        0.07140175, -0.08708386,  0.45262718, -0.41146632,  0.0994194 ,
        0.10118927,  0.47564589, -0.18692984, -0.1622075 ,  0.12913501,
        0.18007726, -0.4627382 ,  0.2798281 , -0.45998422,  0.38431922,
        0.36570158,  0.0073856 ,  0.17614384,  0.19119968,  0.14224446,
       -0.34579958,  0.25195353, -0.32211549,  0.33496925]) 

Generation: 67 
 - Generation Avg Fit: 1680.5401234309538 
 - Best Fitness: 3363.459931408853 
 - Worst Fitness: 0.0
 - Best Solution: array([-0.23635797, -0.00831235, -0.15409364,  0.09804608, -0.2009665 ,
       -0.4210039 , -0.18200839,  0.25813765, -0.41620211,  0.29266548,
        0.21538336,  0.42822108, -0.34567282, -0.32872088,  0.48786306,
       -0.17793839,  0.20758519, -0.01660569,  0.06662012, -0.27205119,
       -0.16945448,  0.0555143 , -0.45092884, -0.05524878,  0.04295487,
        0.10232573,  0.47519559, -0.33222786,  0.15740613, -0.13015109,
        0.02690091, -0.10640455,  0.25829205,  0.05195887,  0.20490157,
       -0.34722681,  0.29334944,  0.00920621, -0.02638968,  0.16777715,
        0.07140175, -0.08708386,  0.45262718, -0.41146632,  0.0994194 ,
        0.10118927,  0.47564589, -0.18692984, -0.1622075 ,  0.12913501,
        0.18007726, -0.4627382 ,  0.2798281 , -0.45998422,  0.38431922,
        0.36570158,  0.0073856 ,  0.17614384,  0.19119968,  0.14224446,
       -0.34579958,  0.25195353, -0.32211549,  0.33496925]) 

Generation: 68 
 - Generation Avg Fit: 1690.0810187739792 
 - Best Fitness: 3363.459931408853 
 - Worst Fitness: 0.0
 - Best Solution: array([-0.23635797, -0.00831235, -0.15409364,  0.09804608, -0.2009665 ,
       -0.4210039 , -0.18200839,  0.25813765, -0.41620211,  0.29266548,
        0.21538336,  0.42822108, -0.34567282, -0.32872088,  0.48786306,
       -0.17793839,  0.20758519, -0.01660569,  0.06662012, -0.27205119,
       -0.16945448,  0.0555143 , -0.45092884, -0.05524878,  0.04295487,
        0.10232573,  0.47519559, -0.33222786,  0.15740613, -0.13015109,
        0.02690091, -0.10640455,  0.25829205,  0.05195887,  0.20490157,
       -0.34722681,  0.29334944,  0.00920621, -0.02638968,  0.16777715,
        0.07140175, -0.08708386,  0.45262718, -0.41146632,  0.0994194 ,
        0.10118927,  0.47564589, -0.18692984, -0.1622075 ,  0.12913501,
        0.18007726, -0.4627382 ,  0.2798281 , -0.45998422,  0.38431922,
        0.36570158,  0.0073856 ,  0.17614384,  0.19119968,  0.14224446,
       -0.34579958,  0.25195353, -0.32211549,  0.33496925]) 

Generation: 69 
 - Generation Avg Fit: 1739.2893228069836 
 - Best Fitness: 3363.459931408853 
 - Worst Fitness: 0.0
 - Best Solution: array([-0.23635797, -0.00831235, -0.15409364,  0.09804608, -0.2009665 ,
       -0.4210039 , -0.18200839,  0.25813765, -0.41620211,  0.29266548,
        0.21538336,  0.42822108, -0.34567282, -0.32872088,  0.48786306,
       -0.17793839,  0.20758519, -0.01660569,  0.06662012, -0.27205119,
       -0.16945448,  0.0555143 , -0.45092884, -0.05524878,  0.04295487,
        0.10232573,  0.47519559, -0.33222786,  0.15740613, -0.13015109,
        0.02690091, -0.10640455,  0.25829205,  0.05195887,  0.20490157,
       -0.34722681,  0.29334944,  0.00920621, -0.02638968,  0.16777715,
        0.07140175, -0.08708386,  0.45262718, -0.41146632,  0.0994194 ,
        0.10118927,  0.47564589, -0.18692984, -0.1622075 ,  0.12913501,
        0.18007726, -0.4627382 ,  0.2798281 , -0.45998422,  0.38431922,
        0.36570158,  0.0073856 ,  0.17614384,  0.19119968,  0.14224446,
       -0.34579958,  0.25195353, -0.32211549,  0.33496925]) 

Generation: 70 
 - Generation Avg Fit: 1708.1699412975534 
 - Best Fitness: 3363.459931408853 
 - Worst Fitness: 0.0
 - Best Solution: array([-0.23635797, -0.00831235, -0.15409364,  0.09804608, -0.2009665 ,
       -0.4210039 , -0.18200839,  0.25813765, -0.41620211,  0.29266548,
        0.21538336,  0.42822108, -0.34567282, -0.32872088,  0.48786306,
       -0.17793839,  0.20758519, -0.01660569,  0.06662012, -0.27205119,
       -0.16945448,  0.0555143 , -0.45092884, -0.05524878,  0.04295487,
        0.10232573,  0.47519559, -0.33222786,  0.15740613, -0.13015109,
        0.02690091, -0.10640455,  0.25829205,  0.05195887,  0.20490157,
       -0.34722681,  0.29334944,  0.00920621, -0.02638968,  0.16777715,
        0.07140175, -0.08708386,  0.45262718, -0.41146632,  0.0994194 ,
        0.10118927,  0.47564589, -0.18692984, -0.1622075 ,  0.12913501,
        0.18007726, -0.4627382 ,  0.2798281 , -0.45998422,  0.38431922,
        0.36570158,  0.0073856 ,  0.17614384,  0.19119968,  0.14224446,
       -0.34579958,  0.25195353, -0.32211549,  0.33496925]) 

Generation: 71 
 - Generation Avg Fit: 1759.2299134120965 
 - Best Fitness: 3363.459931408853 
 - Worst Fitness: 0.0
 - Best Solution: array([-0.23635797, -0.00831235, -0.15409364,  0.09804608, -0.2009665 ,
       -0.4210039 , -0.18200839,  0.25813765, -0.41620211,  0.29266548,
        0.21538336,  0.42822108, -0.34567282, -0.32872088,  0.48786306,
       -0.17793839,  0.20758519, -0.01660569,  0.06662012, -0.27205119,
       -0.16945448,  0.0555143 , -0.45092884, -0.05524878,  0.04295487,
        0.10232573,  0.47519559, -0.33222786,  0.15740613, -0.13015109,
        0.02690091, -0.10640455,  0.25829205,  0.05195887,  0.20490157,
       -0.34722681,  0.29334944,  0.00920621, -0.02638968,  0.16777715,
        0.07140175, -0.08708386,  0.45262718, -0.41146632,  0.0994194 ,
        0.10118927,  0.47564589, -0.18692984, -0.1622075 ,  0.12913501,
        0.18007726, -0.4627382 ,  0.2798281 , -0.45998422,  0.38431922,
        0.36570158,  0.0073856 ,  0.17614384,  0.19119968,  0.14224446,
       -0.34579958,  0.25195353, -0.32211549,  0.33496925]) 

Generation: 72 
 - Generation Avg Fit: 1773.2678903974324 
 - Best Fitness: 3363.459931408853 
 - Worst Fitness: 0.0
 - Best Solution: array([-0.23635797, -0.00831235, -0.15409364,  0.09804608, -0.2009665 ,
       -0.4210039 , -0.18200839,  0.25813765, -0.41620211,  0.29266548,
        0.21538336,  0.42822108, -0.34567282, -0.32872088,  0.48786306,
       -0.17793839,  0.20758519, -0.01660569,  0.06662012, -0.27205119,
       -0.16945448,  0.0555143 , -0.45092884, -0.05524878,  0.04295487,
        0.10232573,  0.47519559, -0.33222786,  0.15740613, -0.13015109,
        0.02690091, -0.10640455,  0.25829205,  0.05195887,  0.20490157,
       -0.34722681,  0.29334944,  0.00920621, -0.02638968,  0.16777715,
        0.07140175, -0.08708386,  0.45262718, -0.41146632,  0.0994194 ,
        0.10118927,  0.47564589, -0.18692984, -0.1622075 ,  0.12913501,
        0.18007726, -0.4627382 ,  0.2798281 , -0.45998422,  0.38431922,
        0.36570158,  0.0073856 ,  0.17614384,  0.19119968,  0.14224446,
       -0.34579958,  0.25195353, -0.32211549,  0.33496925]) 

Generation: 73 
 - Generation Avg Fit: 1857.6095046947687 
 - Best Fitness: 3363.459931408853 
 - Worst Fitness: 0.0
 - Best Solution: array([-0.23635797, -0.00831235, -0.15409364,  0.09804608, -0.2009665 ,
       -0.4210039 , -0.18200839,  0.25813765, -0.41620211,  0.29266548,
        0.21538336,  0.42822108, -0.34567282, -0.32872088,  0.48786306,
       -0.17793839,  0.20758519, -0.01660569,  0.06662012, -0.27205119,
       -0.16945448,  0.0555143 , -0.45092884, -0.05524878,  0.04295487,
        0.10232573,  0.47519559, -0.33222786,  0.15740613, -0.13015109,
        0.02690091, -0.10640455,  0.25829205,  0.05195887,  0.20490157,
       -0.34722681,  0.29334944,  0.00920621, -0.02638968,  0.16777715,
        0.07140175, -0.08708386,  0.45262718, -0.41146632,  0.0994194 ,
        0.10118927,  0.47564589, -0.18692984, -0.1622075 ,  0.12913501,
        0.18007726, -0.4627382 ,  0.2798281 , -0.45998422,  0.38431922,
        0.36570158,  0.0073856 ,  0.17614384,  0.19119968,  0.14224446,
       -0.34579958,  0.25195353, -0.32211549,  0.33496925]) 

Generation: 74 
 - Generation Avg Fit: 1884.427091615932 
 - Best Fitness: 3363.459931408853 
 - Worst Fitness: 0.0
 - Best Solution: array([-0.23635797, -0.00831235, -0.15409364,  0.09804608, -0.2009665 ,
       -0.4210039 , -0.18200839,  0.25813765, -0.41620211,  0.29266548,
        0.21538336,  0.42822108, -0.34567282, -0.32872088,  0.48786306,
       -0.17793839,  0.20758519, -0.01660569,  0.06662012, -0.27205119,
       -0.16945448,  0.0555143 , -0.45092884, -0.05524878,  0.04295487,
        0.10232573,  0.47519559, -0.33222786,  0.15740613, -0.13015109,
        0.02690091, -0.10640455,  0.25829205,  0.05195887,  0.20490157,
       -0.34722681,  0.29334944,  0.00920621, -0.02638968,  0.16777715,
        0.07140175, -0.08708386,  0.45262718, -0.41146632,  0.0994194 ,
        0.10118927,  0.47564589, -0.18692984, -0.1622075 ,  0.12913501,
        0.18007726, -0.4627382 ,  0.2798281 , -0.45998422,  0.38431922,
        0.36570158,  0.0073856 ,  0.17614384,  0.19119968,  0.14224446,
       -0.34579958,  0.25195353, -0.32211549,  0.33496925]) 

Generation: 75 
 - Generation Avg Fit: 1802.7590406278757 
 - Best Fitness: 3363.459931408853 
 - Worst Fitness: 0.0
 - Best Solution: array([-0.23635797, -0.00831235, -0.15409364,  0.09804608, -0.2009665 ,
       -0.4210039 , -0.18200839,  0.25813765, -0.41620211,  0.29266548,
        0.21538336,  0.42822108, -0.34567282, -0.32872088,  0.48786306,
       -0.17793839,  0.20758519, -0.01660569,  0.06662012, -0.27205119,
       -0.16945448,  0.0555143 , -0.45092884, -0.05524878,  0.04295487,
        0.10232573,  0.47519559, -0.33222786,  0.15740613, -0.13015109,
        0.02690091, -0.10640455,  0.25829205,  0.05195887,  0.20490157,
       -0.34722681,  0.29334944,  0.00920621, -0.02638968,  0.16777715,
        0.07140175, -0.08708386,  0.45262718, -0.41146632,  0.0994194 ,
        0.10118927,  0.47564589, -0.18692984, -0.1622075 ,  0.12913501,
        0.18007726, -0.4627382 ,  0.2798281 , -0.45998422,  0.38431922,
        0.36570158,  0.0073856 ,  0.17614384,  0.19119968,  0.14224446,
       -0.34579958,  0.25195353, -0.32211549,  0.33496925]) 
