
-------------------------------------------------------------------------------------------------------
                                --- Method Parameters ---                                            
-------------------------------------------------------------------------------------------------------

method: PyGAD, entity: hydrostat_reservoir, volume: 0.03, sim_duration: 100, dt: 0.05, 
fitness_func: pygad_fitness, pop_size: 200, gen_size: 2000, weight_search: 0.5, 

-------------------------------------------------------------------------------------------------------
                                --- Pygad  Parameters ---                                            
-------------------------------------------------------------------------------------------------------

parent_selection_type: rank, parents mating: 100, keep parents: 100, crossover type: uniform, 
mutation type: random, mutation prob: 0.5, mutation_max_val: 0.01, mutation_min_val: -0.01, 

=======================================================================================================


Generation: 1 
 - Generation Avg Fit: 1.9336212314467445 
 - Best Fitness: 29.3967284675542 
 - Worst Fitness: 0.0
 - Best Solution: array([0., 0., 0., 0., 0., 0., 0., 0., 0., 0., 0., 0., 0., 0., 0., 0., 0.,
       0., 0., 0., 0., 0., 0., 0., 0., 0., 0., 0., 0., 0., 0., 0., 0., 0.,
       0., 0., 0., 0., 0., 0., 0., 0., 0., 0., 0., 0., 0., 0., 0., 0., 0.,
       0., 0., 0., 0., 0., 0., 0., 0., 0., 0., 0., 0., 0.]) 

Generation: 2 
 - Generation Avg Fit: 2.3641914185805377 
 - Best Fitness: 29.3967284675542 
 - Worst Fitness: 0.0
 - Best Solution: array([ 2.52793732e-01, -9.43115008e-02, -1.20113550e-01, -3.90617352e-01,
       -3.17460093e-01, -5.94958355e-02,  3.67475144e-01, -1.16948880e-02,
       -4.33689571e-01, -6.57291697e-02, -2.56721589e-01,  5.79901342e-02,
       -1.51058165e-01,  1.47948484e-01, -4.37895039e-01,  1.29185568e-01,
       -3.49672101e-01,  1.69907040e-04, -3.78748565e-01,  4.95351679e-01,
        3.91724368e-01,  9.92434348e-02, -4.50408708e-01,  4.57032832e-02,
       -3.89846044e-01, -2.45820698e-02, -4.02811654e-01, -2.37010467e-01,
        3.28348436e-01, -3.61278015e-01,  4.71987592e-02, -8.94605778e-02,
       -1.62152965e-01, -1.77165816e-01,  2.62353048e-01,  3.03972674e-01,
        3.15313066e-01,  7.39433772e-02, -4.49494442e-01,  4.23856334e-02,
       -9.00348335e-02, -1.34866201e-01,  9.15372433e-02,  4.60878570e-01,
       -4.43582933e-01, -1.98308857e-01,  4.14549059e-01,  7.25051073e-02,
       -2.59059887e-01, -2.65437830e-01,  1.59763635e-01, -2.93317534e-01,
       -4.52725746e-01,  4.27812098e-01, -3.46008860e-01,  1.01332534e-01,
       -4.47233843e-01,  1.19667369e-01, -2.85772379e-01, -4.43921105e-01,
        3.38836672e-01,  2.55289123e-01, -4.48557607e-01, -2.62569656e-01]) 

Generation: 3 
 - Generation Avg Fit: 2.826451865483832 
 - Best Fitness: 29.3967284675542 
 - Worst Fitness: 0.0
 - Best Solution: array([ 2.52793732e-01, -9.43115008e-02, -1.20113550e-01, -3.90617352e-01,
       -3.17460093e-01, -5.94958355e-02,  3.67475144e-01, -1.16948880e-02,
       -4.33689571e-01, -6.57291697e-02, -2.56721589e-01,  5.79901342e-02,
       -1.51058165e-01,  1.47948484e-01, -4.37895039e-01,  1.29185568e-01,
       -3.49672101e-01,  1.69907040e-04, -3.78748565e-01,  4.95351679e-01,
        3.91724368e-01,  9.92434348e-02, -4.50408708e-01,  4.57032832e-02,
       -3.89846044e-01, -2.45820698e-02, -4.02811654e-01, -2.37010467e-01,
        3.28348436e-01, -3.61278015e-01,  4.71987592e-02, -8.94605778e-02,
       -1.62152965e-01, -1.77165816e-01,  2.62353048e-01,  3.03972674e-01,
        3.15313066e-01,  7.39433772e-02, -4.49494442e-01,  4.23856334e-02,
       -9.00348335e-02, -1.34866201e-01,  9.15372433e-02,  4.60878570e-01,
       -4.43582933e-01, -1.98308857e-01,  4.14549059e-01,  7.25051073e-02,
       -2.59059887e-01, -2.65437830e-01,  1.59763635e-01, -2.93317534e-01,
       -4.52725746e-01,  4.27812098e-01, -3.46008860e-01,  1.01332534e-01,
       -4.47233843e-01,  1.19667369e-01, -2.85772379e-01, -4.43921105e-01,
        3.38836672e-01,  2.55289123e-01, -4.48557607e-01, -2.62569656e-01]) 

Generation: 4 
 - Generation Avg Fit: 3.232737545304536 
 - Best Fitness: 29.3967284675542 
 - Worst Fitness: 0.0
 - Best Solution: array([ 2.52793732e-01, -9.43115008e-02, -1.20113550e-01, -3.90617352e-01,
       -3.17460093e-01, -5.94958355e-02,  3.67475144e-01, -1.16948880e-02,
       -4.33689571e-01, -6.57291697e-02, -2.56721589e-01,  5.79901342e-02,
       -1.51058165e-01,  1.47948484e-01, -4.37895039e-01,  1.29185568e-01,
       -3.49672101e-01,  1.69907040e-04, -3.78748565e-01,  4.95351679e-01,
        3.91724368e-01,  9.92434348e-02, -4.50408708e-01,  4.57032832e-02,
       -3.89846044e-01, -2.45820698e-02, -4.02811654e-01, -2.37010467e-01,
        3.28348436e-01, -3.61278015e-01,  4.71987592e-02, -8.94605778e-02,
       -1.62152965e-01, -1.77165816e-01,  2.62353048e-01,  3.03972674e-01,
        3.15313066e-01,  7.39433772e-02, -4.49494442e-01,  4.23856334e-02,
       -9.00348335e-02, -1.34866201e-01,  9.15372433e-02,  4.60878570e-01,
       -4.43582933e-01, -1.98308857e-01,  4.14549059e-01,  7.25051073e-02,
       -2.59059887e-01, -2.65437830e-01,  1.59763635e-01, -2.93317534e-01,
       -4.52725746e-01,  4.27812098e-01, -3.46008860e-01,  1.01332534e-01,
       -4.47233843e-01,  1.19667369e-01, -2.85772379e-01, -4.43921105e-01,
        3.38836672e-01,  2.55289123e-01, -4.48557607e-01, -2.62569656e-01]) 
