Generation: 1207 
 - Generation Avg Fit: 82.72119576595254 
 - Best Fitness: 298.890478045646 
 - Worst Fitness: 0.0
 - Best Solution: array([-0.33138332, -0.2061462 , -0.33940707, -0.09294962,  0.39894064,
       -0.34908249, -0.50136109, -0.30869855, -0.27921833,  0.15210379,
        0.06928178, -0.45825665,  0.07045   , -0.4165459 , -0.35735861,
       -0.43272907,  0.44870974, -0.38770815,  0.10818001,  0.05371161,
        0.18784924, -0.10966364, -0.1695446 ,  0.13121126,  0.27519443,
        0.20774097, -0.20705607,  0.48230523,  0.23178528, -0.45879303,
        0.15801299, -0.11269312, -0.10298238,  0.27071882,  0.17062201,
       -0.48259728,  0.42591287, -0.36024528,  0.48407879, -0.36900792,
       -0.29200959, -0.28408202, -0.4291406 , -0.33470749,  0.26871601,
       -0.07909388, -0.49335478,  0.2706788 , -0.09332857,  0.01054229,
        0.14392124,  0.13513356,  0.04726519, -0.33917514, -0.44892106,
        0.13548187, -0.43346842, -0.1379763 , -0.371887  , -0.29297644,
        0.23667948, -0.33677384, -0.07413276,  0.10565391]) 

Generation: 1435 
 - Generation Avg Fit: 118.92889405131231 
 - Best Fitness: 304.95266011637113 
 - Worst Fitness: 0.0
 - Best Solution: array([-1.97519618e-01, -9.39839401e-02, -4.08059452e-01,  2.76122841e-02,
       -2.94817238e-01, -4.11427543e-01, -1.85089410e-01, -3.28823543e-01,
       -4.25781841e-01,  3.09212168e-01, -3.67667125e-01,  2.40792187e-04,
       -1.25253931e-01, -2.53281592e-01,  1.30152444e-02, -5.63531684e-02,
       -4.51398052e-01, -1.84809550e-01, -3.82995523e-01, -8.55043106e-02,
        3.74512125e-01,  3.73676683e-01, -8.20380542e-02,  1.70132026e-01,
       -3.71618531e-01, -3.74816183e-01, -5.01751661e-01, -2.27627744e-01,
       -6.79172171e-02,  3.71957779e-01, -2.00662085e-01,  4.55462126e-01,
        1.67729274e-01, -4.79626390e-01,  3.35493380e-01, -1.79237459e-01,
       -3.73072387e-02, -8.69427953e-02, -4.79738539e-01, -4.06313571e-01,
        4.57903558e-01, -4.31665978e-01, -3.46737274e-02, -1.81148167e-01,
       -4.20108095e-01, -2.70327128e-01, -4.99112803e-02,  2.35213117e-01,
       -2.97395334e-01, -1.06578100e-01, -4.48777601e-01, -8.16710453e-02,
        2.64061388e-01, -2.23332830e-01, -8.39058384e-02,  7.73284887e-02,
       -1.19313098e-01, -2.27596167e-01, -4.56071444e-01, -1.22475008e-01,
        3.99350947e-01,  4.38677807e-01,  1.46942426e-01, -4.79714585e-01]) 



Generation: 1203 
 - Generation Avg Fit: 109.17297682171002 
 - Best Fitness: 282.3149264932814 
 - Worst Fitness: 0.0
 - Best Solution: array([-0.19751962, -0.11810784, -0.39437976,  0.01924451, -0.29481724,
       -0.42188617, -0.17610861, -0.32882354, -0.41836879,  0.31076775,
       -0.39214451, -0.00417202, -0.13055731, -0.24964642,  0.03609906,
       -0.06448757, -0.44423081, -0.17440527, -0.39037926, -0.07695319,
        0.38543742,  0.34886577, -0.08897331,  0.16183839, -0.37567446,
       -0.37468406, -0.4955103 , -0.24285253, -0.09782435,  0.37390702,
       -0.20184409,  0.44638911, -0.20909938, -0.49177521,  0.33452371,
       -0.18993387, -0.02471582, -0.12661276, -0.11943181, -0.39840228,
        0.47404478, -0.45731435,  0.00877242, -0.19620082, -0.42285934,
       -0.24357615, -0.36875013,  0.23987109, -0.29030067, -0.1149457 ,
       -0.42760117, -0.036378  ,  0.25198915, -0.19018495, -0.06795525,
        0.07764397, -0.09845772, -0.21547351, -0.44903891, -0.12641612,
        0.39140017,  0.4349442 ,  0.12813137, -0.47550478])


Generation: 1456 
 - Generation Avg Fit: 95.85238904263329 
 - Best Fitness: 320.839725011365 
 - Worst Fitness: 0.0
 - Best Solution: array([-0.19876898, -0.21301871, -0.32904147, -0.09196898,  0.4098574 ,
       -0.37988682, -0.51410338, -0.30586786, -0.2671001 ,  0.16778807,
        0.08149534,  0.28744636,  0.05336846,  0.06614167, -0.25834944,
        0.12871914,  0.43711102, -0.41313492, -0.06922462,  0.04268888,
        0.18938349,  0.14513079, -0.17188172,  0.12061769, -0.28834388,
        0.31204111, -0.18777111,  0.47358926,  0.21544358, -0.24753968,
       -0.34962343, -0.22271349, -0.31196831,  0.25401976,  0.15107493,
       -0.48188299,  0.43103725, -0.45449099,  0.49533625, -0.3664892 ,
       -0.20718791, -0.40671988, -0.43600293, -0.36603085, -0.04398212,
       -0.08739334, -0.49163281,  0.2676404 , -0.10155   ,  0.01313236,
        0.16494478, -0.24597674,  0.04315609, -0.39034333, -0.46346574,
        0.13282178, -0.43330468, -0.15649574, -0.33367294,  0.18769011,
        0.22356912, -0.33287587, -0.06834056,  0.10120849]) 






