
-------------------------------------------------------------------------------------------------------
                                --- Method Parameters ---                                            
-------------------------------------------------------------------------------------------------------

method: PyGAD, sim_duration: 15, fitness_func: pygad_fitness, pop_size: 100, gen_size: 10, weight_search: 0.5, 

-------------------------------------------------------------------------------------------------------
                                --- Pygad  Parameters ---                                            
-------------------------------------------------------------------------------------------------------

parent_selection_type: sss, parents mating: 50, keep parents: 6, crossover type: uniform, mutation type: random, 
mutation prob: 0.5, mutation_max_val: 0.01, mutation_min_val: -0.01, 

=======================================================================================================


Generations: 1 
 - Generation Avg Fit: 2.8034284517905963 
 - Best Fitness: 25.631513831090093
 - Best Solution: [ 0.47010898  0.41417488  0.25006263  0.11423816 -0.1639133  -0.02724264
  0.33615396  0.37851815  0.15648847 -0.05898203  0.28870599 -0.19900198
  0.30634662 -0.16692285  0.1357069  -0.2638485   0.24339516 -0.43685283
 -0.20373376 -0.32038915 -0.30683704  0.41219414 -0.18585138 -0.07802851
 -0.44367799  0.08062027 -0.23443694  0.3396082  -0.386191    0.43531345
 -0.4462499  -0.09190094  0.34546157  0.09636434  0.24264378 -0.03427315] 

Generations: 2 
 - Generation Avg Fit: 3.3839768888280055 
 - Best Fitness: 94.97248934805295
 - Best Solution: [ 0.45480211 -0.36096556 -0.43973816  0.04978206  0.01714819 -0.25152671
 -0.36230915  0.22978377 -0.3491647   0.35909091  0.46711237 -0.13551402
 -0.46235939  0.4443958   0.05462718 -0.28989302  0.39260592  0.17036405
  0.00699036  0.10425266  0.11410927  0.32122592  0.43600983  0.32662404
 -0.4756581  -0.30990391 -0.19962654 -0.31764612 -0.30198962  0.30286113
 -0.46911123 -0.35358471  0.20478729  0.13082797  0.12213485 -0.34881925] 

Generations: 3 
 - Generation Avg Fit: 3.7862582292582614 
 - Best Fitness: 94.97248934805295
 - Best Solution: [ 0.45480211 -0.36096556 -0.43973816  0.04978206  0.01714819 -0.25152671
 -0.36230915  0.22978377 -0.3491647   0.35909091  0.46711237 -0.13551402
 -0.46235939  0.4443958   0.05462718 -0.28989302  0.39260592  0.17036405
  0.00699036  0.10425266  0.11410927  0.32122592  0.43600983  0.32662404
 -0.4756581  -0.30990391 -0.19962654 -0.31764612 -0.30198962  0.30286113
 -0.46911123 -0.35358471  0.20478729  0.13082797  0.12213485 -0.34881925] 

Generations: 4 
 - Generation Avg Fit: 3.8861582460758024 
 - Best Fitness: 94.97248934805295
 - Best Solution: [ 0.45480211 -0.36096556 -0.43973816  0.04978206  0.01714819 -0.25152671
 -0.36230915  0.22978377 -0.3491647   0.35909091  0.46711237 -0.13551402
 -0.46235939  0.4443958   0.05462718 -0.28989302  0.39260592  0.17036405
  0.00699036  0.10425266  0.11410927  0.32122592  0.43600983  0.32662404
 -0.4756581  -0.30990391 -0.19962654 -0.31764612 -0.30198962  0.30286113
 -0.46911123 -0.35358471  0.20478729  0.13082797  0.12213485 -0.34881925] 

Generations: 5 
 - Generation Avg Fit: 4.397497157149542 
 - Best Fitness: 94.97248934805295
 - Best Solution: [ 0.45480211 -0.36096556 -0.43973816  0.04978206  0.01714819 -0.25152671
 -0.36230915  0.22978377 -0.3491647   0.35909091  0.46711237 -0.13551402
 -0.46235939  0.4443958   0.05462718 -0.28989302  0.39260592  0.17036405
  0.00699036  0.10425266  0.11410927  0.32122592  0.43600983  0.32662404
 -0.4756581  -0.30990391 -0.19962654 -0.31764612 -0.30198962  0.30286113
 -0.46911123 -0.35358471  0.20478729  0.13082797  0.12213485 -0.34881925] 

Generations: 6 
 - Generation Avg Fit: 4.580448060289774 
 - Best Fitness: 94.97248934805295
 - Best Solution: [ 0.45480211 -0.36096556 -0.43973816  0.04978206  0.01714819 -0.25152671
 -0.36230915  0.22978377 -0.3491647   0.35909091  0.46711237 -0.13551402
 -0.46235939  0.4443958   0.05462718 -0.28989302  0.39260592  0.17036405
  0.00699036  0.10425266  0.11410927  0.32122592  0.43600983  0.32662404
 -0.4756581  -0.30990391 -0.19962654 -0.31764612 -0.30198962  0.30286113
 -0.46911123 -0.35358471  0.20478729  0.13082797  0.12213485 -0.34881925] 

Generations: 7 
 - Generation Avg Fit: 4.12451722722931 
 - Best Fitness: 94.97248934805295
 - Best Solution: [ 0.45480211 -0.36096556 -0.43973816  0.04978206  0.01714819 -0.25152671
 -0.36230915  0.22978377 -0.3491647   0.35909091  0.46711237 -0.13551402
 -0.46235939  0.4443958   0.05462718 -0.28989302  0.39260592  0.17036405
  0.00699036  0.10425266  0.11410927  0.32122592  0.43600983  0.32662404
 -0.4756581  -0.30990391 -0.19962654 -0.31764612 -0.30198962  0.30286113
 -0.46911123 -0.35358471  0.20478729  0.13082797  0.12213485 -0.34881925] 

Generations: 8 
 - Generation Avg Fit: 4.166914239295064 
 - Best Fitness: 94.97248934805295
 - Best Solution: [ 0.45480211 -0.36096556 -0.43973816  0.04978206  0.01714819 -0.25152671
 -0.36230915  0.22978377 -0.3491647   0.35909091  0.46711237 -0.13551402
 -0.46235939  0.4443958   0.05462718 -0.28989302  0.39260592  0.17036405
  0.00699036  0.10425266  0.11410927  0.32122592  0.43600983  0.32662404
 -0.4756581  -0.30990391 -0.19962654 -0.31764612 -0.30198962  0.30286113
 -0.46911123 -0.35358471  0.20478729  0.13082797  0.12213485 -0.34881925] 

Generations: 9 
 - Generation Avg Fit: 4.411153567134305 
 - Best Fitness: 94.97248934805295
 - Best Solution: [ 0.45480211 -0.36096556 -0.43973816  0.04978206  0.01714819 -0.25152671
 -0.36230915  0.22978377 -0.3491647   0.35909091  0.46711237 -0.13551402
 -0.46235939  0.4443958   0.05462718 -0.28989302  0.39260592  0.17036405
  0.00699036  0.10425266  0.11410927  0.32122592  0.43600983  0.32662404
 -0.4756581  -0.30990391 -0.19962654 -0.31764612 -0.30198962  0.30286113
 -0.46911123 -0.35358471  0.20478729  0.13082797  0.12213485 -0.34881925] 

Generations: 10 
 - Generation Avg Fit: 5.190764644688714 
 - Best Fitness: 94.97248934805295
 - Best Solution: [ 0.45480211 -0.36096556 -0.43973816  0.04978206  0.01714819 -0.25152671
 -0.36230915  0.22978377 -0.3491647   0.35909091  0.46711237 -0.13551402
 -0.46235939  0.4443958   0.05462718 -0.28989302  0.39260592  0.17036405
  0.00699036  0.10425266  0.11410927  0.32122592  0.43600983  0.32662404
 -0.4756581  -0.30990391 -0.19962654 -0.31764612 -0.30198962  0.30286113
 -0.46911123 -0.35358471  0.20478729  0.13082797  0.12213485 -0.34881925] 
