
-------------------------------------------------------------------------------------------------------
                                --- Method Parameters ---                                            
-------------------------------------------------------------------------------------------------------

method: PyGAD, sim_duration: 15, fitness_func: pygad_fitness, pop_size: 100, gen_size: 100, weight_search: 0.5, 

-------------------------------------------------------------------------------------------------------
                                --- Pygad  Parameters ---                                            
-------------------------------------------------------------------------------------------------------

parent_selection_type: sss, parents mating: 50, keep parents: 6, crossover type: uniform, 
mutation type: random, mutation prob: 0.5, mutation_max_val: 0.01, mutation_min_val: -0.01, 

=======================================================================================================


Generation: 1 
 - Generation Avg Fit: 1.140993856666179 
 - Best Fitness: 15.229012166379682
 - Best Solution: array([-0.47045153,  0.11964443, -0.300083  , -0.02699723, -0.28173349,
        0.34394794, -0.01773223, -0.39545105,  0.11057458,  0.45721919,
       -0.10475445,  0.38162317, -0.27151825,  0.16916344, -0.0859396 ,
        0.17575843, -0.48470456,  0.00895599,  0.46722558, -0.23297182,
       -0.24417945, -0.44185449, -0.05823523,  0.05168368,  0.39857448,
        0.1685437 ,  0.29347038, -0.06922773, -0.07982286, -0.25414858,
        0.24129166, -0.04611122, -0.07430886,  0.03285621,  0.08709517,
        0.32856817]) 

Generation: 2 
 - Generation Avg Fit: 1.8977243568901159 
 - Best Fitness: 23.795777169255352
 - Best Solution: array([ 0.28730179, -0.06191341, -0.37309969, -0.1809321 ,  0.46928567,
       -0.39131829,  0.47450929, -0.06198046,  0.2306528 , -0.40707229,
        0.49572014, -0.14239492, -0.13301219,  0.35545269, -0.38482529,
        0.20323063,  0.47218547, -0.27337187,  0.31212762,  0.37619503,
        0.37052434,  0.40129311, -0.13188042,  0.34694781, -0.35480555,
        0.10563812,  0.35690744,  0.31726854,  0.23063671, -0.32053882,
        0.05480022, -0.3818148 ,  0.05877401, -0.09999465, -0.12730288,
       -0.17914835]) 

Generation: 3 
 - Generation Avg Fit: 2.198569015722385 
 - Best Fitness: 23.795777169255352
 - Best Solution: array([-0.47045153,  0.11964443, -0.300083  , -0.02699723, -0.28173349,
        0.34394794, -0.01773223, -0.39545105,  0.11057458,  0.45721919,
       -0.10475445,  0.38162317, -0.27151825,  0.16916344, -0.0859396 ,
        0.17575843, -0.48470456,  0.00895599,  0.46722558, -0.23297182,
       -0.24417945, -0.44185449, -0.05823523,  0.05168368,  0.39857448,
        0.1685437 ,  0.29347038, -0.06922773, -0.07982286, -0.25414858,
        0.24129166, -0.04611122, -0.07430886,  0.03285621,  0.08709517,
        0.32856817]) 

Generation: 4 
 - Generation Avg Fit: 2.9075878183523884 
 - Best Fitness: 53.516142037299836
 - Best Solution: array([-0.00274905,  0.26831675,  0.37935565, -0.19957023,  0.33462486,
        0.04122943, -0.06195428, -0.07474493,  0.10954304,  0.37150528,
        0.23408613,  0.10325403, -0.20145001,  0.11766061, -0.06574104,
        0.01278165, -0.40321404,  0.03586097, -0.32852949, -0.30039603,
        0.32957727,  0.3568152 , -0.50149806,  0.45671759,  0.06830064,
        0.16880863, -0.43868011, -0.048794  ,  0.19104014,  0.19230939,
       -0.42974581, -0.38950125,  0.03448975, -0.17379573, -0.46845911,
       -0.09534812]) 

Generation: 5 
 - Generation Avg Fit: 3.407550865436544 
 - Best Fitness: 53.516142037299836
 - Best Solution: array([ 0.28730179, -0.06191341, -0.37309969, -0.1809321 ,  0.46928567,
       -0.39131829,  0.47450929, -0.06198046,  0.2306528 , -0.40707229,
        0.49572014, -0.14239492, -0.13301219,  0.35545269, -0.38482529,
        0.20323063,  0.47218547, -0.27337187,  0.31212762,  0.37619503,
        0.37052434,  0.40129311, -0.13188042,  0.34694781, -0.35480555,
        0.10563812,  0.35690744,  0.31726854,  0.23063671, -0.32053882,
        0.05480022, -0.3818148 ,  0.05877401, -0.09999465, -0.12730288,
       -0.17914835]) 

Generation: 6 
 - Generation Avg Fit: 3.218532313067716 
 - Best Fitness: 53.516142037299836
 - Best Solution: array([ 0.28550532,  0.11916757,  0.50372197,  0.2522241 , -0.1799736 ,
       -0.48738821, -0.07206389,  0.03914329,  0.04814906,  0.35732264,
        0.26150775, -0.18942876,  0.28655438,  0.22863756, -0.04455772,
       -0.25068334, -0.40506483,  0.08623993,  0.49592193,  0.04838739,
        0.3496418 ,  0.17354571,  0.43384764,  0.10195426, -0.06584196,
       -0.30338229, -0.42880959,  0.47256884,  0.17224811, -0.42403978,
        0.31715349, -0.17575571, -0.35791648, -0.46563134, -0.48531644,
        0.2895707 ]) 

Generation: 7 
 - Generation Avg Fit: 2.6426412454365775 
 - Best Fitness: 53.516142037299836
 - Best Solution: array([ 0.28550532,  0.11916757,  0.50372197,  0.2522241 , -0.1799736 ,
       -0.48738821, -0.07206389,  0.03914329,  0.04814906,  0.35732264,
        0.26150775, -0.18942876,  0.28655438,  0.22863756, -0.04455772,
       -0.25068334, -0.40506483,  0.08623993,  0.49592193,  0.04838739,
        0.3496418 ,  0.17354571,  0.43384764,  0.10195426, -0.06584196,
       -0.30338229, -0.42880959,  0.47256884,  0.17224811, -0.42403978,
        0.31715349, -0.17575571, -0.35791648, -0.46563134, -0.48531644,
        0.2895707 ]) 

Generation: 8 
 - Generation Avg Fit: 3.2345370057271543 
 - Best Fitness: 53.516142037299836
 - Best Solution: array([ 0.28550532,  0.11916757,  0.50372197,  0.2522241 , -0.1799736 ,
       -0.48738821, -0.07206389,  0.03914329,  0.04814906,  0.35732264,
        0.26150775, -0.18942876,  0.28655438,  0.22863756, -0.04455772,
       -0.25068334, -0.40506483,  0.08623993,  0.49592193,  0.04838739,
        0.3496418 ,  0.17354571,  0.43384764,  0.10195426, -0.06584196,
       -0.30338229, -0.42880959,  0.47256884,  0.17224811, -0.42403978,
        0.31715349, -0.17575571, -0.35791648, -0.46563134, -0.48531644,
        0.2895707 ]) 

Generation: 9 
 - Generation Avg Fit: 3.5667056959418546 
 - Best Fitness: 53.516142037299836
 - Best Solution: array([ 0.28550532,  0.11916757,  0.50372197,  0.2522241 , -0.1799736 ,
       -0.48738821, -0.07206389,  0.03914329,  0.04814906,  0.35732264,
        0.26150775, -0.18942876,  0.28655438,  0.22863756, -0.04455772,
       -0.25068334, -0.40506483,  0.08623993,  0.49592193,  0.04838739,
        0.3496418 ,  0.17354571,  0.43384764,  0.10195426, -0.06584196,
       -0.30338229, -0.42880959,  0.47256884,  0.17224811, -0.42403978,
        0.31715349, -0.17575571, -0.35791648, -0.46563134, -0.48531644,
        0.2895707 ]) 

Generation: 10 
 - Generation Avg Fit: 3.351439193942615 
 - Best Fitness: 53.516142037299836
 - Best Solution: array([ 0.28550532,  0.11916757,  0.50372197,  0.2522241 , -0.1799736 ,
       -0.48738821, -0.07206389,  0.03914329,  0.04814906,  0.35732264,
        0.26150775, -0.18942876,  0.28655438,  0.22863756, -0.04455772,
       -0.25068334, -0.40506483,  0.08623993,  0.49592193,  0.04838739,
        0.3496418 ,  0.17354571,  0.43384764,  0.10195426, -0.06584196,
       -0.30338229, -0.42880959,  0.47256884,  0.17224811, -0.42403978,
        0.31715349, -0.17575571, -0.35791648, -0.46563134, -0.48531644,
        0.2895707 ]) 

Generation: 11 
 - Generation Avg Fit: 3.539275110350502 
 - Best Fitness: 53.516142037299836
 - Best Solution: array([ 0.28550532,  0.11916757,  0.50372197,  0.2522241 , -0.1799736 ,
       -0.48738821, -0.07206389,  0.03914329,  0.04814906,  0.35732264,
        0.26150775, -0.18942876,  0.28655438,  0.22863756, -0.04455772,
       -0.25068334, -0.40506483,  0.08623993,  0.49592193,  0.04838739,
        0.3496418 ,  0.17354571,  0.43384764,  0.10195426, -0.06584196,
       -0.30338229, -0.42880959,  0.47256884,  0.17224811, -0.42403978,
        0.31715349, -0.17575571, -0.35791648, -0.46563134, -0.48531644,
        0.2895707 ]) 

Generation: 12 
 - Generation Avg Fit: 3.751725168728206 
 - Best Fitness: 53.516142037299836
 - Best Solution: array([ 0.28550532,  0.11916757,  0.50372197,  0.2522241 , -0.1799736 ,
       -0.48738821, -0.07206389,  0.03914329,  0.04814906,  0.35732264,
        0.26150775, -0.18942876,  0.28655438,  0.22863756, -0.04455772,
       -0.25068334, -0.40506483,  0.08623993,  0.49592193,  0.04838739,
        0.3496418 ,  0.17354571,  0.43384764,  0.10195426, -0.06584196,
       -0.30338229, -0.42880959,  0.47256884,  0.17224811, -0.42403978,
        0.31715349, -0.17575571, -0.35791648, -0.46563134, -0.48531644,
        0.2895707 ]) 

Generation: 13 
 - Generation Avg Fit: 4.076613464414865 
 - Best Fitness: 53.516142037299836
 - Best Solution: array([ 0.28550532,  0.11916757,  0.50372197,  0.2522241 , -0.1799736 ,
       -0.48738821, -0.07206389,  0.03914329,  0.04814906,  0.35732264,
        0.26150775, -0.18942876,  0.28655438,  0.22863756, -0.04455772,
       -0.25068334, -0.40506483,  0.08623993,  0.49592193,  0.04838739,
        0.3496418 ,  0.17354571,  0.43384764,  0.10195426, -0.06584196,
       -0.30338229, -0.42880959,  0.47256884,  0.17224811, -0.42403978,
        0.31715349, -0.17575571, -0.35791648, -0.46563134, -0.48531644,
        0.2895707 ]) 

Generation: 14 
 - Generation Avg Fit: 4.349656306171955 
 - Best Fitness: 69.00400838160118
 - Best Solution: array([ 0.28693193,  0.00503123, -0.10674708,  0.26208731, -0.1799736 ,
       -0.48484498, -0.07206389,  0.24725763,  0.04513163,  0.48679972,
        0.26150775,  0.14498005,  0.28655438,  0.22345536, -0.04455772,
       -0.25356545, -0.41374207,  0.08339859,  0.49592193,  0.05111018,
        0.38204034,  0.39009348,  0.43384764,  0.11660205,  0.05700155,
       -0.2941144 , -0.39110137,  0.19012474,  0.00517293,  0.20142944,
        0.32807972, -0.17414199, -0.35791648, -0.46563134,  0.07526337,
       -0.2073227 ]) 

Generation: 15 
 - Generation Avg Fit: 4.770600630282539 
 - Best Fitness: 69.00400838160118
 - Best Solution: array([ 0.28550532,  0.11916757,  0.50372197,  0.2522241 , -0.1799736 ,
       -0.48738821, -0.07206389,  0.03914329,  0.04814906,  0.35732264,
        0.26150775, -0.18942876,  0.28655438,  0.22863756, -0.04455772,
       -0.25068334, -0.40506483,  0.08623993,  0.49592193,  0.04838739,
        0.3496418 ,  0.17354571,  0.43384764,  0.10195426, -0.06584196,
       -0.30338229, -0.42880959,  0.47256884,  0.17224811, -0.42403978,
        0.31715349, -0.17575571, -0.35791648, -0.46563134, -0.48531644,
        0.2895707 ]) 

Generation: 16 
 - Generation Avg Fit: 4.05121821506832 
 - Best Fitness: 69.00400838160118
 - Best Solution: array([ 0.28693193,  0.00503123, -0.10674708,  0.26208731, -0.1799736 ,
       -0.48484498, -0.07206389,  0.24725763,  0.04513163,  0.48679972,
        0.26150775,  0.14498005,  0.28655438,  0.22345536, -0.04455772,
       -0.25356545, -0.41374207,  0.08339859,  0.49592193,  0.05111018,
        0.38204034,  0.39009348,  0.43384764,  0.11660205,  0.05700155,
       -0.2941144 , -0.39110137,  0.19012474,  0.00517293,  0.20142944,
        0.32807972, -0.17414199, -0.35791648, -0.46563134,  0.07526337,
       -0.2073227 ]) 

Generation: 17 
 - Generation Avg Fit: 5.322707644924229 
 - Best Fitness: 69.00400838160118
 - Best Solution: array([ 0.28693193,  0.00503123, -0.10674708,  0.26208731, -0.1799736 ,
       -0.48484498, -0.07206389,  0.24725763,  0.04513163,  0.48679972,
        0.26150775,  0.14498005,  0.28655438,  0.22345536, -0.04455772,
       -0.25356545, -0.41374207,  0.08339859,  0.49592193,  0.05111018,
        0.38204034,  0.39009348,  0.43384764,  0.11660205,  0.05700155,
       -0.2941144 , -0.39110137,  0.19012474,  0.00517293,  0.20142944,
        0.32807972, -0.17414199, -0.35791648, -0.46563134,  0.07526337,
       -0.2073227 ]) 

Generation: 18 
 - Generation Avg Fit: 4.987930335395083 
 - Best Fitness: 69.00400838160118
 - Best Solution: array([ 0.28693193,  0.00503123, -0.10674708,  0.26208731, -0.1799736 ,
       -0.48484498, -0.07206389,  0.24725763,  0.04513163,  0.48679972,
        0.26150775,  0.14498005,  0.28655438,  0.22345536, -0.04455772,
       -0.25356545, -0.41374207,  0.08339859,  0.49592193,  0.05111018,
        0.38204034,  0.39009348,  0.43384764,  0.11660205,  0.05700155,
       -0.2941144 , -0.39110137,  0.19012474,  0.00517293,  0.20142944,
        0.32807972, -0.17414199, -0.35791648, -0.46563134,  0.07526337,
       -0.2073227 ]) 

Generation: 19 
 - Generation Avg Fit: 5.948088101470026 
 - Best Fitness: 69.00400838160118
 - Best Solution: array([ 0.28693193,  0.00503123, -0.10674708,  0.26208731, -0.1799736 ,
       -0.48484498, -0.07206389,  0.24725763,  0.04513163,  0.48679972,
        0.26150775,  0.14498005,  0.28655438,  0.22345536, -0.04455772,
       -0.25356545, -0.41374207,  0.08339859,  0.49592193,  0.05111018,
        0.38204034,  0.39009348,  0.43384764,  0.11660205,  0.05700155,
       -0.2941144 , -0.39110137,  0.19012474,  0.00517293,  0.20142944,
        0.32807972, -0.17414199, -0.35791648, -0.46563134,  0.07526337,
       -0.2073227 ]) 

Generation: 20 
 - Generation Avg Fit: 6.226272876110549 
 - Best Fitness: 75.27056933756501
 - Best Solution: array([ 0.28757867, -0.00441593,  0.49558804,  0.24824287, -0.17475962,
       -0.48738821, -0.07206389,  0.03914329,  0.04814906,  0.35732264,
        0.33001426, -0.18844158,  0.28863225,  0.21572649, -0.04485701,
       -0.25608592, -0.40915907,  0.08623993,  0.30894195,  0.05461473,
        0.35910883,  0.16798885,  0.43384764,  0.09850799,  0.06106387,
       -0.2941144 , -0.38276151,  0.47740616,  0.00893027,  0.20142944,
        0.32974966,  0.22400723, -0.35791648, -0.46563134,  0.07506029,
        0.2895707 ]) 

Generation: 21 
 - Generation Avg Fit: 6.827031700437945 
 - Best Fitness: 75.27056933756501
 - Best Solution: array([ 0.28693193,  0.00503123, -0.10674708,  0.26208731, -0.1799736 ,
       -0.48484498, -0.07206389,  0.24725763,  0.04513163,  0.48679972,
        0.26150775,  0.14498005,  0.28655438,  0.22345536, -0.04455772,
       -0.25356545, -0.41374207,  0.08339859,  0.49592193,  0.05111018,
        0.38204034,  0.39009348,  0.43384764,  0.11660205,  0.05700155,
       -0.2941144 , -0.39110137,  0.19012474,  0.00517293,  0.20142944,
        0.32807972, -0.17414199, -0.35791648, -0.46563134,  0.07526337,
       -0.2073227 ]) 

Generation: 22 
 - Generation Avg Fit: 7.368795655605312 
 - Best Fitness: 75.27056933756501
 - Best Solution: array([ 0.28757867, -0.00441593,  0.49558804,  0.24824287, -0.17475962,
       -0.48738821, -0.07206389,  0.03914329,  0.04814906,  0.35732264,
        0.33001426, -0.18844158,  0.28863225,  0.21572649, -0.04485701,
       -0.25608592, -0.40915907,  0.08623993,  0.30894195,  0.05461473,
        0.35910883,  0.16798885,  0.43384764,  0.09850799,  0.06106387,
       -0.2941144 , -0.38276151,  0.47740616,  0.00893027,  0.20142944,
        0.32974966,  0.22400723, -0.35791648, -0.46563134,  0.07506029,
        0.2895707 ]) 

Generation: 23 
 - Generation Avg Fit: 9.353779946146027 
 - Best Fitness: 95.13560201320968
 - Best Solution: array([ 0.12165776, -0.32344687,  0.34201186,  0.32218738, -0.06831707,
       -0.47889575,  0.09735298,  0.03359952,  0.23240406,  0.49574262,
        0.16983509,  0.17011651,  0.28589325, -0.29468555, -0.03594543,
       -0.02842823, -0.10108988, -0.45660751, -0.33636959,  0.0370585 ,
        0.3383597 ,  0.06956938,  0.41765546,  0.30817754,  0.05080033,
       -0.28652626, -0.22609489,  0.2038745 ,  0.22600359,  0.21209718,
       -0.03975412, -0.34757645,  0.08208397, -0.37389856, -0.48564938,
       -0.22025653]) 

Generation: 24 
 - Generation Avg Fit: 8.920192812925094 
 - Best Fitness: 104.84617992253645
 - Best Solution: array([ 0.27430895, -0.00355987,  0.48233529,  0.24647041, -0.16845175,
       -0.49431641, -0.07206389,  0.03914329,  0.05811258,  0.35979019,
        0.33001426,  0.14613745,  0.29857179,  0.21213004, -0.04063272,
       -0.24550106, -0.40915907,  0.09572514,  0.30894195,  0.05111018,
        0.35910883,  0.17111917,  0.43384764,  0.11311752,  0.05306889,
       -0.2845801 , -0.38008812,  0.47740616,  0.00893027,  0.1947011 ,
        0.3334037 ,  0.22216757, -0.36220174, -0.46755298,  0.06858679,
       -0.20572022]) 

Generation: 25 
 - Generation Avg Fit: 9.524719219550946 
 - Best Fitness: 104.84617992253645
 - Best Solution: array([ 0.12165776, -0.32344687,  0.34201186,  0.32218738, -0.06831707,
       -0.47889575,  0.09735298,  0.03359952,  0.23240406,  0.49574262,
        0.16983509,  0.17011651,  0.28589325, -0.29468555, -0.03594543,
       -0.02842823, -0.10108988, -0.45660751, -0.33636959,  0.0370585 ,
        0.3383597 ,  0.06956938,  0.41765546,  0.30817754,  0.05080033,
       -0.28652626, -0.22609489,  0.2038745 ,  0.22600359,  0.21209718,
       -0.03975412, -0.34757645,  0.08208397, -0.37389856, -0.48564938,
       -0.22025653]) 

Generation: 26 
 - Generation Avg Fit: 11.26592806232641 
 - Best Fitness: 104.84617992253645
 - Best Solution: array([ 0.27430895, -0.00355987,  0.48233529,  0.24647041, -0.16845175,
       -0.49431641, -0.07206389,  0.03914329,  0.05811258,  0.35979019,
        0.33001426,  0.14613745,  0.29857179,  0.21213004, -0.04063272,
       -0.24550106, -0.40915907,  0.09572514,  0.30894195,  0.05111018,
        0.35910883,  0.17111917,  0.43384764,  0.11311752,  0.05306889,
       -0.2845801 , -0.38008812,  0.47740616,  0.00893027,  0.1947011 ,
        0.3334037 ,  0.22216757, -0.36220174, -0.46755298,  0.06858679,
       -0.20572022]) 

Generation: 27 
 - Generation Avg Fit: 10.67827872491848 
 - Best Fitness: 109.69545482315131
 - Best Solution: array([ 0.28202641,  0.00058219, -0.10674708,  0.26208731, -0.1799736 ,
       -0.48425098, -0.08122727,  0.25116468,  0.04513163,  0.47681758,
        0.27454253,  0.14466669,  0.28655438, -0.28242227, -0.05009718,
       -0.0318141 , -0.42338441,  0.08339859,  0.49592193,  0.05940671,
        0.34833935,  0.38661772,  0.41765546,  0.11948351,  0.05700155,
       -0.27738602, -0.39110137,  0.18148487,  0.21722664,  0.20944092,
        0.32807972, -0.17414199,  0.08208397, -0.46563134, -0.46946218,
       -0.2073227 ]) 

Generation: 28 
 - Generation Avg Fit: 10.38235066420187 
 - Best Fitness: 109.69545482315131
 - Best Solution: array([ 0.27430895, -0.00355987,  0.48233529,  0.24647041, -0.16845175,
       -0.49431641, -0.07206389,  0.03914329,  0.05811258,  0.35979019,
        0.33001426,  0.14613745,  0.29857179,  0.21213004, -0.04063272,
       -0.24550106, -0.40915907,  0.09572514,  0.30894195,  0.05111018,
        0.35910883,  0.17111917,  0.43384764,  0.11311752,  0.05306889,
       -0.2845801 , -0.38008812,  0.47740616,  0.00893027,  0.1947011 ,
        0.3334037 ,  0.22216757, -0.36220174, -0.46755298,  0.06858679,
       -0.20572022]) 

Generation: 29 
 - Generation Avg Fit: 10.588845041051902 
 - Best Fitness: 109.69545482315131
 - Best Solution: array([ 0.28202641,  0.00058219, -0.10674708,  0.26208731, -0.1799736 ,
       -0.48425098, -0.08122727,  0.25116468,  0.04513163,  0.47681758,
        0.27454253,  0.14466669,  0.28655438, -0.28242227, -0.05009718,
       -0.0318141 , -0.42338441,  0.08339859,  0.49592193,  0.05940671,
        0.34833935,  0.38661772,  0.41765546,  0.11948351,  0.05700155,
       -0.27738602, -0.39110137,  0.18148487,  0.21722664,  0.20944092,
        0.32807972, -0.17414199,  0.08208397, -0.46563134, -0.46946218,
       -0.2073227 ]) 

Generation: 30 
 - Generation Avg Fit: 10.689591206635466 
 - Best Fitness: 109.69545482315131
 - Best Solution: array([ 0.28202641,  0.00058219, -0.10674708,  0.26208731, -0.1799736 ,
       -0.48425098, -0.08122727,  0.25116468,  0.04513163,  0.47681758,
        0.27454253,  0.14466669,  0.28655438, -0.28242227, -0.05009718,
       -0.0318141 , -0.42338441,  0.08339859,  0.49592193,  0.05940671,
        0.34833935,  0.38661772,  0.41765546,  0.11948351,  0.05700155,
       -0.27738602, -0.39110137,  0.18148487,  0.21722664,  0.20944092,
        0.32807972, -0.17414199,  0.08208397, -0.46563134, -0.46946218,
       -0.2073227 ]) 

Generation: 31 
 - Generation Avg Fit: 11.662941845347024 
 - Best Fitness: 109.69545482315131
 - Best Solution: array([ 0.28202641,  0.00058219, -0.10674708,  0.26208731, -0.1799736 ,
       -0.48425098, -0.08122727,  0.25116468,  0.04513163,  0.47681758,
        0.27454253,  0.14466669,  0.28655438, -0.28242227, -0.05009718,
       -0.0318141 , -0.42338441,  0.08339859,  0.49592193,  0.05940671,
        0.34833935,  0.38661772,  0.41765546,  0.11948351,  0.05700155,
       -0.27738602, -0.39110137,  0.18148487,  0.21722664,  0.20944092,
        0.32807972, -0.17414199,  0.08208397, -0.46563134, -0.46946218,
       -0.2073227 ]) 

Generation: 32 
 - Generation Avg Fit: 14.118287155540607 
 - Best Fitness: 109.69545482315131
 - Best Solution: array([ 0.28202641,  0.00058219, -0.10674708,  0.26208731, -0.1799736 ,
       -0.48425098, -0.08122727,  0.25116468,  0.04513163,  0.47681758,
        0.27454253,  0.14466669,  0.28655438, -0.28242227, -0.05009718,
       -0.0318141 , -0.42338441,  0.08339859,  0.49592193,  0.05940671,
        0.34833935,  0.38661772,  0.41765546,  0.11948351,  0.05700155,
       -0.27738602, -0.39110137,  0.18148487,  0.21722664,  0.20944092,
        0.32807972, -0.17414199,  0.08208397, -0.46563134, -0.46946218,
       -0.2073227 ]) 

Generation: 33 
 - Generation Avg Fit: 15.657242421307817 
 - Best Fitness: 109.69545482315131
 - Best Solution: array([ 0.28202641,  0.00058219, -0.10674708,  0.26208731, -0.1799736 ,
       -0.48425098, -0.08122727,  0.25116468,  0.04513163,  0.47681758,
        0.27454253,  0.14466669,  0.28655438, -0.28242227, -0.05009718,
       -0.0318141 , -0.42338441,  0.08339859,  0.49592193,  0.05940671,
        0.34833935,  0.38661772,  0.41765546,  0.11948351,  0.05700155,
       -0.27738602, -0.39110137,  0.18148487,  0.21722664,  0.20944092,
        0.32807972, -0.17414199,  0.08208397, -0.46563134, -0.46946218,
       -0.2073227 ]) 

Generation: 34 
 - Generation Avg Fit: 20.423824354844 
 - Best Fitness: 109.93066612209854
 - Best Solution: array([ 0.11385335, -0.00194679,  0.33188937,  0.31512355, -0.1799736 ,
       -0.49939058,  0.34016891,  0.23749626,  0.10777288,  0.49370181,
        0.51351509,  0.17716435,  0.28612816,  0.21148647, -0.05348829,
       -0.24851328, -0.39202495,  0.06716643,  0.43273117,  0.04472652,
        0.3377458 ,  0.39794507,  0.41525837,  0.10678468,  0.40578979,
       -0.32302743, -0.22609489,  0.19716557, -0.38978837,  0.1775471 ,
        0.33500707,  0.25317469,  0.35644796, -0.37317754,  0.0736112 ,
       -0.21480304]) 

Generation: 35 
 - Generation Avg Fit: 15.535233150872454 
 - Best Fitness: 109.93066612209854
 - Best Solution: array([ 0.28202641,  0.00058219, -0.10674708,  0.26208731, -0.1799736 ,
       -0.48425098, -0.08122727,  0.25116468,  0.04513163,  0.47681758,
        0.27454253,  0.14466669,  0.28655438, -0.28242227, -0.05009718,
       -0.0318141 , -0.42338441,  0.08339859,  0.49592193,  0.05940671,
        0.34833935,  0.38661772,  0.41765546,  0.11948351,  0.05700155,
       -0.27738602, -0.39110137,  0.18148487,  0.21722664,  0.20944092,
        0.32807972, -0.17414199,  0.08208397, -0.46563134, -0.46946218,
       -0.2073227 ]) 

Generation: 36 
 - Generation Avg Fit: 15.713556017237998 
 - Best Fitness: 109.93066612209854
 - Best Solution: array([ 0.11385335, -0.00194679,  0.33188937,  0.31512355, -0.1799736 ,
       -0.49939058,  0.34016891,  0.23749626,  0.10777288,  0.49370181,
        0.51351509,  0.17716435,  0.28612816,  0.21148647, -0.05348829,
       -0.24851328, -0.39202495,  0.06716643,  0.43273117,  0.04472652,
        0.3377458 ,  0.39794507,  0.41525837,  0.10678468,  0.40578979,
       -0.32302743, -0.22609489,  0.19716557, -0.38978837,  0.1775471 ,
        0.33500707,  0.25317469,  0.35644796, -0.37317754,  0.0736112 ,
       -0.21480304]) 

Generation: 37 
 - Generation Avg Fit: 17.29772923254013 
 - Best Fitness: 109.93066612209854
 - Best Solution: array([ 0.11385335, -0.00194679,  0.33188937,  0.31512355, -0.1799736 ,
       -0.49939058,  0.34016891,  0.23749626,  0.10777288,  0.49370181,
        0.51351509,  0.17716435,  0.28612816,  0.21148647, -0.05348829,
       -0.24851328, -0.39202495,  0.06716643,  0.43273117,  0.04472652,
        0.3377458 ,  0.39794507,  0.41525837,  0.10678468,  0.40578979,
       -0.32302743, -0.22609489,  0.19716557, -0.38978837,  0.1775471 ,
        0.33500707,  0.25317469,  0.35644796, -0.37317754,  0.0736112 ,
       -0.21480304]) 

Generation: 38 
 - Generation Avg Fit: 15.082763632598505 
 - Best Fitness: 109.93066612209854
 - Best Solution: array([ 0.11385335, -0.00194679,  0.33188937,  0.31512355, -0.1799736 ,
       -0.49939058,  0.34016891,  0.23749626,  0.10777288,  0.49370181,
        0.51351509,  0.17716435,  0.28612816,  0.21148647, -0.05348829,
       -0.24851328, -0.39202495,  0.06716643,  0.43273117,  0.04472652,
        0.3377458 ,  0.39794507,  0.41525837,  0.10678468,  0.40578979,
       -0.32302743, -0.22609489,  0.19716557, -0.38978837,  0.1775471 ,
        0.33500707,  0.25317469,  0.35644796, -0.37317754,  0.0736112 ,
       -0.21480304]) 

Generation: 39 
 - Generation Avg Fit: 16.04020762728619 
 - Best Fitness: 109.93066612209854
 - Best Solution: array([ 0.11385335, -0.00194679,  0.33188937,  0.31512355, -0.1799736 ,
       -0.49939058,  0.34016891,  0.23749626,  0.10777288,  0.49370181,
        0.51351509,  0.17716435,  0.28612816,  0.21148647, -0.05348829,
       -0.24851328, -0.39202495,  0.06716643,  0.43273117,  0.04472652,
        0.3377458 ,  0.39794507,  0.41525837,  0.10678468,  0.40578979,
       -0.32302743, -0.22609489,  0.19716557, -0.38978837,  0.1775471 ,
        0.33500707,  0.25317469,  0.35644796, -0.37317754,  0.0736112 ,
       -0.21480304]) 

Generation: 40 
 - Generation Avg Fit: 17.40287488505699 
 - Best Fitness: 109.93066612209854
 - Best Solution: array([ 0.11385335, -0.00194679,  0.33188937,  0.31512355, -0.1799736 ,
       -0.49939058,  0.34016891,  0.23749626,  0.10777288,  0.49370181,
        0.51351509,  0.17716435,  0.28612816,  0.21148647, -0.05348829,
       -0.24851328, -0.39202495,  0.06716643,  0.43273117,  0.04472652,
        0.3377458 ,  0.39794507,  0.41525837,  0.10678468,  0.40578979,
       -0.32302743, -0.22609489,  0.19716557, -0.38978837,  0.1775471 ,
        0.33500707,  0.25317469,  0.35644796, -0.37317754,  0.0736112 ,
       -0.21480304]) 

Generation: 41 
 - Generation Avg Fit: 17.260170701598145 
 - Best Fitness: 109.93066612209854
 - Best Solution: array([ 0.11385335, -0.00194679,  0.33188937,  0.31512355, -0.1799736 ,
       -0.49939058,  0.34016891,  0.23749626,  0.10777288,  0.49370181,
        0.51351509,  0.17716435,  0.28612816,  0.21148647, -0.05348829,
       -0.24851328, -0.39202495,  0.06716643,  0.43273117,  0.04472652,
        0.3377458 ,  0.39794507,  0.41525837,  0.10678468,  0.40578979,
       -0.32302743, -0.22609489,  0.19716557, -0.38978837,  0.1775471 ,
        0.33500707,  0.25317469,  0.35644796, -0.37317754,  0.0736112 ,
       -0.21480304]) 

Generation: 42 
 - Generation Avg Fit: 17.95316373760607 
 - Best Fitness: 109.93066612209854
 - Best Solution: array([ 0.11385335, -0.00194679,  0.33188937,  0.31512355, -0.1799736 ,
       -0.49939058,  0.34016891,  0.23749626,  0.10777288,  0.49370181,
        0.51351509,  0.17716435,  0.28612816,  0.21148647, -0.05348829,
       -0.24851328, -0.39202495,  0.06716643,  0.43273117,  0.04472652,
        0.3377458 ,  0.39794507,  0.41525837,  0.10678468,  0.40578979,
       -0.32302743, -0.22609489,  0.19716557, -0.38978837,  0.1775471 ,
        0.33500707,  0.25317469,  0.35644796, -0.37317754,  0.0736112 ,
       -0.21480304]) 

Generation: 43 
 - Generation Avg Fit: 18.447932038917912 
 - Best Fitness: 109.93066612209854
 - Best Solution: array([ 0.11385335, -0.00194679,  0.33188937,  0.31512355, -0.1799736 ,
       -0.49939058,  0.34016891,  0.23749626,  0.10777288,  0.49370181,
        0.51351509,  0.17716435,  0.28612816,  0.21148647, -0.05348829,
       -0.24851328, -0.39202495,  0.06716643,  0.43273117,  0.04472652,
        0.3377458 ,  0.39794507,  0.41525837,  0.10678468,  0.40578979,
       -0.32302743, -0.22609489,  0.19716557, -0.38978837,  0.1775471 ,
        0.33500707,  0.25317469,  0.35644796, -0.37317754,  0.0736112 ,
       -0.21480304]) 

Generation: 44 
 - Generation Avg Fit: 18.77203296581854 
 - Best Fitness: 109.93066612209854
 - Best Solution: array([ 0.11385335, -0.00194679,  0.33188937,  0.31512355, -0.1799736 ,
       -0.49939058,  0.34016891,  0.23749626,  0.10777288,  0.49370181,
        0.51351509,  0.17716435,  0.28612816,  0.21148647, -0.05348829,
       -0.24851328, -0.39202495,  0.06716643,  0.43273117,  0.04472652,
        0.3377458 ,  0.39794507,  0.41525837,  0.10678468,  0.40578979,
       -0.32302743, -0.22609489,  0.19716557, -0.38978837,  0.1775471 ,
        0.33500707,  0.25317469,  0.35644796, -0.37317754,  0.0736112 ,
       -0.21480304]) 

Generation: 45 
 - Generation Avg Fit: 23.519622185272627 
 - Best Fitness: 109.93066612209854
 - Best Solution: array([ 0.11385335, -0.00194679,  0.33188937,  0.31512355, -0.1799736 ,
       -0.49939058,  0.34016891,  0.23749626,  0.10777288,  0.49370181,
        0.51351509,  0.17716435,  0.28612816,  0.21148647, -0.05348829,
       -0.24851328, -0.39202495,  0.06716643,  0.43273117,  0.04472652,
        0.3377458 ,  0.39794507,  0.41525837,  0.10678468,  0.40578979,
       -0.32302743, -0.22609489,  0.19716557, -0.38978837,  0.1775471 ,
        0.33500707,  0.25317469,  0.35644796, -0.37317754,  0.0736112 ,
       -0.21480304]) 

Generation: 46 
 - Generation Avg Fit: 21.35055547920394 
 - Best Fitness: 109.93066612209854
 - Best Solution: array([ 0.11385335, -0.00194679,  0.33188937,  0.31512355, -0.1799736 ,
       -0.49939058,  0.34016891,  0.23749626,  0.10777288,  0.49370181,
        0.51351509,  0.17716435,  0.28612816,  0.21148647, -0.05348829,
       -0.24851328, -0.39202495,  0.06716643,  0.43273117,  0.04472652,
        0.3377458 ,  0.39794507,  0.41525837,  0.10678468,  0.40578979,
       -0.32302743, -0.22609489,  0.19716557, -0.38978837,  0.1775471 ,
        0.33500707,  0.25317469,  0.35644796, -0.37317754,  0.0736112 ,
       -0.21480304]) 

Generation: 47 
 - Generation Avg Fit: 27.60424411182162 
 - Best Fitness: 110.06336832532037
 - Best Solution: array([ 0.29761843,  0.00794702, -0.06444031,  0.26433663, -0.15912216,
       -0.48342407, -0.07206389,  0.03914329,  0.05811258,  0.47589976,
        0.33001426,  0.14207619,  0.29857179,  0.21726348, -0.0509565 ,
        0.04958295, -0.39450372,  0.07476642,  0.49129251,  0.06494364,
        0.35910883,  0.17998085,  0.43384764,  0.11311752, -0.0180646 ,
       -0.2845801 , -0.4284219 ,  0.47698307, -0.00307767,  0.20375478,
        0.32821163,  0.22216757,  0.09985661, -0.47068713,  0.0750713 ,
       -0.20572022]) 

Generation: 48 
 - Generation Avg Fit: 30.237975484800895 
 - Best Fitness: 119.65878027022826
 - Best Solution: array([ 0.29523597,  0.01020682, -0.06433217,  0.24647041, -0.15000101,
       -0.49378158, -0.03711533,  0.03914329,  0.04995968,  0.47589976,
        0.32602437,  0.14613745,  0.29857179,  0.21239397, -0.03608589,
       -0.24490943, -0.40915907,  0.08287827,  0.49129251,  0.0651539 ,
        0.35910883,  0.17111917,  0.43384764,  0.1095259 , -0.01114407,
       -0.28799423, -0.38526976,  0.4689816 ,  0.00893027,  0.1947011 ,
        0.3334037 ,  0.23538428,  0.09734335, -0.45143913,  0.06945515,
       -0.20572022]) 

Generation: 49 
 - Generation Avg Fit: 34.7088790284866 
 - Best Fitness: 119.65878027022826
 - Best Solution: array([ 0.29761843,  0.00794702, -0.06444031,  0.26433663, -0.15912216,
       -0.48342407, -0.07206389,  0.03914329,  0.05811258,  0.47589976,
        0.33001426,  0.14207619,  0.29857179,  0.21726348, -0.0509565 ,
        0.04958295, -0.39450372,  0.07476642,  0.49129251,  0.06494364,
        0.35910883,  0.17998085,  0.43384764,  0.11311752, -0.0180646 ,
       -0.2845801 , -0.4284219 ,  0.47698307, -0.00307767,  0.20375478,
        0.32821163,  0.22216757,  0.09985661, -0.47068713,  0.0750713 ,
       -0.20572022]) 

Generation: 50 
 - Generation Avg Fit: 45.98732283064041 
 - Best Fitness: 119.65878027022826
 - Best Solution: array([ 0.29523597,  0.01020682, -0.06433217,  0.24647041, -0.15000101,
       -0.49378158, -0.03711533,  0.03914329,  0.04995968,  0.47589976,
        0.32602437,  0.14613745,  0.29857179,  0.21239397, -0.03608589,
       -0.24490943, -0.40915907,  0.08287827,  0.49129251,  0.0651539 ,
        0.35910883,  0.17111917,  0.43384764,  0.1095259 , -0.01114407,
       -0.28799423, -0.38526976,  0.4689816 ,  0.00893027,  0.1947011 ,
        0.3334037 ,  0.23538428,  0.09734335, -0.45143913,  0.06945515,
       -0.20572022]) 

Generation: 51 
 - Generation Avg Fit: 43.44705681565224 
 - Best Fitness: 119.65878027022826
 - Best Solution: array([ 0.29523597,  0.01020682, -0.06433217,  0.24647041, -0.15000101,
       -0.49378158, -0.03711533,  0.03914329,  0.04995968,  0.47589976,
        0.32602437,  0.14613745,  0.29857179,  0.21239397, -0.03608589,
       -0.24490943, -0.40915907,  0.08287827,  0.49129251,  0.0651539 ,
        0.35910883,  0.17111917,  0.43384764,  0.1095259 , -0.01114407,
       -0.28799423, -0.38526976,  0.4689816 ,  0.00893027,  0.1947011 ,
        0.3334037 ,  0.23538428,  0.09734335, -0.45143913,  0.06945515,
       -0.20572022]) 

Generation: 52 
 - Generation Avg Fit: 49.18657729453802 
 - Best Fitness: 119.65878027022826
 - Best Solution: array([ 0.29523597,  0.01020682, -0.06433217,  0.24647041, -0.15000101,
       -0.49378158, -0.03711533,  0.03914329,  0.04995968,  0.47589976,
        0.32602437,  0.14613745,  0.29857179,  0.21239397, -0.03608589,
       -0.24490943, -0.40915907,  0.08287827,  0.49129251,  0.0651539 ,
        0.35910883,  0.17111917,  0.43384764,  0.1095259 , -0.01114407,
       -0.28799423, -0.38526976,  0.4689816 ,  0.00893027,  0.1947011 ,
        0.3334037 ,  0.23538428,  0.09734335, -0.45143913,  0.06945515,
       -0.20572022]) 

Generation: 53 
 - Generation Avg Fit: 41.81776986019918 
 - Best Fitness: 123.69740359490171
 - Best Solution: array([ 0.29523597,  0.01020682, -0.06433217,  0.24647041, -0.15549342,
       -0.48692613, -0.07206389,  0.03914329,  0.05811258,  0.47589976,
        0.33001426,  0.13543165,  0.29576021,  0.21393204, -0.03471895,
        0.04701484, -0.39450372,  0.07989885,  0.49129251,  0.06494364,
        0.35414257,  0.17796292,  0.42571214,  0.1095259 , -0.0180646 ,
       -0.28907795, -0.43156878,  0.48424199, -0.00307767,  0.19872414,
        0.32653356,  0.2154419 ,  0.09734335, -0.45143913,  0.0750713 ,
       -0.20572022]) 

Generation: 54 
 - Generation Avg Fit: 49.380130743897446 
 - Best Fitness: 123.69740359490171
 - Best Solution: array([ 0.29523597,  0.01020682, -0.06433217,  0.24647041, -0.15000101,
       -0.49378158, -0.03711533,  0.03914329,  0.04995968,  0.47589976,
        0.32602437,  0.14613745,  0.29857179,  0.21239397, -0.03608589,
       -0.24490943, -0.40915907,  0.08287827,  0.49129251,  0.0651539 ,
        0.35910883,  0.17111917,  0.43384764,  0.1095259 , -0.01114407,
       -0.28799423, -0.38526976,  0.4689816 ,  0.00893027,  0.1947011 ,
        0.3334037 ,  0.23538428,  0.09734335, -0.45143913,  0.06945515,
       -0.20572022]) 

Generation: 55 
 - Generation Avg Fit: 51.27235838925592 
 - Best Fitness: 123.69740359490171
 - Best Solution: array([ 0.29523597,  0.01020682, -0.06433217,  0.24647041, -0.15549342,
       -0.48692613, -0.07206389,  0.03914329,  0.05811258,  0.47589976,
        0.33001426,  0.13543165,  0.29576021,  0.21393204, -0.03471895,
        0.04701484, -0.39450372,  0.07989885,  0.49129251,  0.06494364,
        0.35414257,  0.17796292,  0.42571214,  0.1095259 , -0.0180646 ,
       -0.28907795, -0.43156878,  0.48424199, -0.00307767,  0.19872414,
        0.32653356,  0.2154419 ,  0.09734335, -0.45143913,  0.0750713 ,
       -0.20572022]) 

Generation: 56 
 - Generation Avg Fit: 48.02550823192706 
 - Best Fitness: 123.69740359490171
 - Best Solution: array([ 0.29523597,  0.01020682, -0.06433217,  0.24647041, -0.15549342,
       -0.48692613, -0.07206389,  0.03914329,  0.05811258,  0.47589976,
        0.33001426,  0.13543165,  0.29576021,  0.21393204, -0.03471895,
        0.04701484, -0.39450372,  0.07989885,  0.49129251,  0.06494364,
        0.35414257,  0.17796292,  0.42571214,  0.1095259 , -0.0180646 ,
       -0.28907795, -0.43156878,  0.48424199, -0.00307767,  0.19872414,
        0.32653356,  0.2154419 ,  0.09734335, -0.45143913,  0.0750713 ,
       -0.20572022]) 

Generation: 57 
 - Generation Avg Fit: 45.53086620768599 
 - Best Fitness: 123.69740359490171
 - Best Solution: array([ 0.29523597,  0.01020682, -0.06433217,  0.24647041, -0.15549342,
       -0.48692613, -0.07206389,  0.03914329,  0.05811258,  0.47589976,
        0.33001426,  0.13543165,  0.29576021,  0.21393204, -0.03471895,
        0.04701484, -0.39450372,  0.07989885,  0.49129251,  0.06494364,
        0.35414257,  0.17796292,  0.42571214,  0.1095259 , -0.0180646 ,
       -0.28907795, -0.43156878,  0.48424199, -0.00307767,  0.19872414,
        0.32653356,  0.2154419 ,  0.09734335, -0.45143913,  0.0750713 ,
       -0.20572022]) 

Generation: 58 
 - Generation Avg Fit: 43.45735139628297 
 - Best Fitness: 123.69740359490171
 - Best Solution: array([ 0.29523597,  0.01020682, -0.06433217,  0.24647041, -0.15549342,
       -0.48692613, -0.07206389,  0.03914329,  0.05811258,  0.47589976,
        0.33001426,  0.13543165,  0.29576021,  0.21393204, -0.03471895,
        0.04701484, -0.39450372,  0.07989885,  0.49129251,  0.06494364,
        0.35414257,  0.17796292,  0.42571214,  0.1095259 , -0.0180646 ,
       -0.28907795, -0.43156878,  0.48424199, -0.00307767,  0.19872414,
        0.32653356,  0.2154419 ,  0.09734335, -0.45143913,  0.0750713 ,
       -0.20572022]) 

Generation: 59 
 - Generation Avg Fit: 47.45310524983574 
 - Best Fitness: 123.69740359490171
 - Best Solution: array([ 0.29523597,  0.01020682, -0.06433217,  0.24647041, -0.15549342,
       -0.48692613, -0.07206389,  0.03914329,  0.05811258,  0.47589976,
        0.33001426,  0.13543165,  0.29576021,  0.21393204, -0.03471895,
        0.04701484, -0.39450372,  0.07989885,  0.49129251,  0.06494364,
        0.35414257,  0.17796292,  0.42571214,  0.1095259 , -0.0180646 ,
       -0.28907795, -0.43156878,  0.48424199, -0.00307767,  0.19872414,
        0.32653356,  0.2154419 ,  0.09734335, -0.45143913,  0.0750713 ,
       -0.20572022]) 

Generation: 60 
 - Generation Avg Fit: 46.39173957097341 
 - Best Fitness: 123.69740359490171
 - Best Solution: array([ 0.29523597,  0.01020682, -0.06433217,  0.24647041, -0.15549342,
       -0.48692613, -0.07206389,  0.03914329,  0.05811258,  0.47589976,
        0.33001426,  0.13543165,  0.29576021,  0.21393204, -0.03471895,
        0.04701484, -0.39450372,  0.07989885,  0.49129251,  0.06494364,
        0.35414257,  0.17796292,  0.42571214,  0.1095259 , -0.0180646 ,
       -0.28907795, -0.43156878,  0.48424199, -0.00307767,  0.19872414,
        0.32653356,  0.2154419 ,  0.09734335, -0.45143913,  0.0750713 ,
       -0.20572022]) 

Generation: 61 
 - Generation Avg Fit: 45.54396767404796 
 - Best Fitness: 123.69740359490171
 - Best Solution: array([ 0.29523597,  0.01020682, -0.06433217,  0.24647041, -0.15549342,
       -0.48692613, -0.07206389,  0.03914329,  0.05811258,  0.47589976,
        0.33001426,  0.13543165,  0.29576021,  0.21393204, -0.03471895,
        0.04701484, -0.39450372,  0.07989885,  0.49129251,  0.06494364,
        0.35414257,  0.17796292,  0.42571214,  0.1095259 , -0.0180646 ,
       -0.28907795, -0.43156878,  0.48424199, -0.00307767,  0.19872414,
        0.32653356,  0.2154419 ,  0.09734335, -0.45143913,  0.0750713 ,
       -0.20572022]) 

Generation: 62 
 - Generation Avg Fit: 43.05658806563187 
 - Best Fitness: 128.2664948516207
 - Best Solution: array([ 0.30173221,  0.01427685, -0.05623798,  0.24646493, -0.15274229,
       -0.49518745, -0.02969076,  0.03914329,  0.05084701,  0.46946376,
        0.31850161,  0.13701796,  0.28875738,  0.20611714, -0.06726577,
        0.04134315, -0.40718203,  0.07476642,  0.48689375,  0.06464678,
        0.35850048,  0.16280133,  0.43384764,  0.10745198, -0.0180646 ,
       -0.28590821, -0.38526976,  0.4689816 ,  0.00499443,  0.18662596,
        0.32440928,  0.22673724,  0.08904123, -0.4477825 ,  0.0750713 ,
       -0.20648856]) 

Generation: 63 
 - Generation Avg Fit: 44.08578930142673 
 - Best Fitness: 128.2664948516207
 - Best Solution: array([ 0.29523597,  0.01020682, -0.06433217,  0.24647041, -0.15549342,
       -0.48692613, -0.07206389,  0.03914329,  0.05811258,  0.47589976,
        0.33001426,  0.13543165,  0.29576021,  0.21393204, -0.03471895,
        0.04701484, -0.39450372,  0.07989885,  0.49129251,  0.06494364,
        0.35414257,  0.17796292,  0.42571214,  0.1095259 , -0.0180646 ,
       -0.28907795, -0.43156878,  0.48424199, -0.00307767,  0.19872414,
        0.32653356,  0.2154419 ,  0.09734335, -0.45143913,  0.0750713 ,
       -0.20572022]) 

Generation: 64 
 - Generation Avg Fit: 38.5857130598314 
 - Best Fitness: 137.4458722055894
 - Best Solution: array([ 2.78405677e-01,  7.39014956e-03, -6.79414627e-02,  2.54809293e-01,
       -1.52102310e-01, -4.64070870e-01, -4.28852356e-02,  2.39110956e-01,
        5.43979993e-02,  4.50648685e-01,  2.38441656e-01,  1.50383427e-01,
        2.71057953e-01,  2.09857976e-01, -3.21881836e-02,  4.54525842e-02,
       -4.31252613e-01,  1.18375706e-01,  4.91292513e-01,  7.66653204e-02,
        3.12960159e-01,  1.90220640e-01,  4.40216524e-01,  1.21929044e-01,
        6.19469309e-02, -3.10511994e-01, -3.94705264e-01,  2.28064440e-01,
       -1.01838814e-04,  1.92459577e-01,  2.99206091e-01,  2.29168306e-01,
        8.48216218e-02, -4.69899112e-01,  7.03406959e-02, -2.23195158e-01]) 

Generation: 65 
 - Generation Avg Fit: 45.6100266577272 
 - Best Fitness: 137.4458722055894
 - Best Solution: array([ 0.30173221,  0.01427685, -0.05623798,  0.24646493, -0.15274229,
       -0.49518745, -0.02969076,  0.03914329,  0.05084701,  0.46946376,
        0.31850161,  0.13701796,  0.28875738,  0.20611714, -0.06726577,
        0.04134315, -0.40718203,  0.07476642,  0.48689375,  0.06464678,
        0.35850048,  0.16280133,  0.43384764,  0.10745198, -0.0180646 ,
       -0.28590821, -0.38526976,  0.4689816 ,  0.00499443,  0.18662596,
        0.32440928,  0.22673724,  0.08904123, -0.4477825 ,  0.0750713 ,
       -0.20648856]) 

Generation: 66 
 - Generation Avg Fit: 32.0344673166027 
 - Best Fitness: 137.4458722055894
 - Best Solution: array([ 2.78405677e-01,  7.39014956e-03, -6.79414627e-02,  2.54809293e-01,
       -1.52102310e-01, -4.64070870e-01, -4.28852356e-02,  2.39110956e-01,
        5.43979993e-02,  4.50648685e-01,  2.38441656e-01,  1.50383427e-01,
        2.71057953e-01,  2.09857976e-01, -3.21881836e-02,  4.54525842e-02,
       -4.31252613e-01,  1.18375706e-01,  4.91292513e-01,  7.66653204e-02,
        3.12960159e-01,  1.90220640e-01,  4.40216524e-01,  1.21929044e-01,
        6.19469309e-02, -3.10511994e-01, -3.94705264e-01,  2.28064440e-01,
       -1.01838814e-04,  1.92459577e-01,  2.99206091e-01,  2.29168306e-01,
        8.48216218e-02, -4.69899112e-01,  7.03406959e-02, -2.23195158e-01]) 

Generation: 67 
 - Generation Avg Fit: 42.41224404728698 
 - Best Fitness: 137.4458722055894
 - Best Solution: array([ 2.78405677e-01,  7.39014956e-03, -6.79414627e-02,  2.54809293e-01,
       -1.52102310e-01, -4.64070870e-01, -4.28852356e-02,  2.39110956e-01,
        5.43979993e-02,  4.50648685e-01,  2.38441656e-01,  1.50383427e-01,
        2.71057953e-01,  2.09857976e-01, -3.21881836e-02,  4.54525842e-02,
       -4.31252613e-01,  1.18375706e-01,  4.91292513e-01,  7.66653204e-02,
        3.12960159e-01,  1.90220640e-01,  4.40216524e-01,  1.21929044e-01,
        6.19469309e-02, -3.10511994e-01, -3.94705264e-01,  2.28064440e-01,
       -1.01838814e-04,  1.92459577e-01,  2.99206091e-01,  2.29168306e-01,
        8.48216218e-02, -4.69899112e-01,  7.03406959e-02, -2.23195158e-01]) 

Generation: 68 
 - Generation Avg Fit: 43.54226194047251 
 - Best Fitness: 137.4458722055894
 - Best Solution: array([ 2.78405677e-01,  7.39014956e-03, -6.79414627e-02,  2.54809293e-01,
       -1.52102310e-01, -4.64070870e-01, -4.28852356e-02,  2.39110956e-01,
        5.43979993e-02,  4.50648685e-01,  2.38441656e-01,  1.50383427e-01,
        2.71057953e-01,  2.09857976e-01, -3.21881836e-02,  4.54525842e-02,
       -4.31252613e-01,  1.18375706e-01,  4.91292513e-01,  7.66653204e-02,
        3.12960159e-01,  1.90220640e-01,  4.40216524e-01,  1.21929044e-01,
        6.19469309e-02, -3.10511994e-01, -3.94705264e-01,  2.28064440e-01,
       -1.01838814e-04,  1.92459577e-01,  2.99206091e-01,  2.29168306e-01,
        8.48216218e-02, -4.69899112e-01,  7.03406959e-02, -2.23195158e-01]) 

Generation: 69 
 - Generation Avg Fit: 47.939501522278164 
 - Best Fitness: 137.4458722055894
 - Best Solution: array([ 2.78405677e-01,  7.39014956e-03, -6.79414627e-02,  2.54809293e-01,
       -1.52102310e-01, -4.64070870e-01, -4.28852356e-02,  2.39110956e-01,
        5.43979993e-02,  4.50648685e-01,  2.38441656e-01,  1.50383427e-01,
        2.71057953e-01,  2.09857976e-01, -3.21881836e-02,  4.54525842e-02,
       -4.31252613e-01,  1.18375706e-01,  4.91292513e-01,  7.66653204e-02,
        3.12960159e-01,  1.90220640e-01,  4.40216524e-01,  1.21929044e-01,
        6.19469309e-02, -3.10511994e-01, -3.94705264e-01,  2.28064440e-01,
       -1.01838814e-04,  1.92459577e-01,  2.99206091e-01,  2.29168306e-01,
        8.48216218e-02, -4.69899112e-01,  7.03406959e-02, -2.23195158e-01]) 

Generation: 70 
 - Generation Avg Fit: 59.86713156239203 
 - Best Fitness: 137.4458722055894
 - Best Solution: array([ 2.78405677e-01,  7.39014956e-03, -6.79414627e-02,  2.54809293e-01,
       -1.52102310e-01, -4.64070870e-01, -4.28852356e-02,  2.39110956e-01,
        5.43979993e-02,  4.50648685e-01,  2.38441656e-01,  1.50383427e-01,
        2.71057953e-01,  2.09857976e-01, -3.21881836e-02,  4.54525842e-02,
       -4.31252613e-01,  1.18375706e-01,  4.91292513e-01,  7.66653204e-02,
        3.12960159e-01,  1.90220640e-01,  4.40216524e-01,  1.21929044e-01,
        6.19469309e-02, -3.10511994e-01, -3.94705264e-01,  2.28064440e-01,
       -1.01838814e-04,  1.92459577e-01,  2.99206091e-01,  2.29168306e-01,
        8.48216218e-02, -4.69899112e-01,  7.03406959e-02, -2.23195158e-01]) 

Generation: 71 
 - Generation Avg Fit: 62.60697447429886 
 - Best Fitness: 137.4458722055894
 - Best Solution: array([ 2.78405677e-01,  7.39014956e-03, -6.79414627e-02,  2.54809293e-01,
       -1.52102310e-01, -4.64070870e-01, -4.28852356e-02,  2.39110956e-01,
        5.43979993e-02,  4.50648685e-01,  2.38441656e-01,  1.50383427e-01,
        2.71057953e-01,  2.09857976e-01, -3.21881836e-02,  4.54525842e-02,
       -4.31252613e-01,  1.18375706e-01,  4.91292513e-01,  7.66653204e-02,
        3.12960159e-01,  1.90220640e-01,  4.40216524e-01,  1.21929044e-01,
        6.19469309e-02, -3.10511994e-01, -3.94705264e-01,  2.28064440e-01,
       -1.01838814e-04,  1.92459577e-01,  2.99206091e-01,  2.29168306e-01,
        8.48216218e-02, -4.69899112e-01,  7.03406959e-02, -2.23195158e-01]) 

Generation: 72 
 - Generation Avg Fit: 59.460290668373915 
 - Best Fitness: 145.57986084898087
 - Best Solution: array([ 0.2962891 ,  0.02271708, -0.06477312,  0.25509791, -0.12972464,
       -0.49407412, -0.03582782,  0.03914329,  0.06120825,  0.47873639,
        0.31271979,  0.15038961,  0.29788923,  0.24470437, -0.04553194,
        0.03607143, -0.41348365,  0.0674867 ,  0.49129251,  0.08087571,
        0.36730911,  0.16354739,  0.44222063,  0.10882272, -0.0180646 ,
       -0.29341173, -0.439308  ,  0.4689816 ,  0.00375193,  0.1681391 ,
        0.33920925,  0.2234303 ,  0.09402237, -0.45379267,  0.06639153,
       -0.21580894]) 

Generation: 73 
 - Generation Avg Fit: 52.53964844534301 
 - Best Fitness: 145.57986084898087
 - Best Solution: array([ 2.78405677e-01,  7.39014956e-03, -6.79414627e-02,  2.54809293e-01,
       -1.52102310e-01, -4.64070870e-01, -4.28852356e-02,  2.39110956e-01,
        5.43979993e-02,  4.50648685e-01,  2.38441656e-01,  1.50383427e-01,
        2.71057953e-01,  2.09857976e-01, -3.21881836e-02,  4.54525842e-02,
       -4.31252613e-01,  1.18375706e-01,  4.91292513e-01,  7.66653204e-02,
        3.12960159e-01,  1.90220640e-01,  4.40216524e-01,  1.21929044e-01,
        6.19469309e-02, -3.10511994e-01, -3.94705264e-01,  2.28064440e-01,
       -1.01838814e-04,  1.92459577e-01,  2.99206091e-01,  2.29168306e-01,
        8.48216218e-02, -4.69899112e-01,  7.03406959e-02, -2.23195158e-01]) 

Generation: 74 
 - Generation Avg Fit: 44.44408665275199 
 - Best Fitness: 145.57986084898087
 - Best Solution: array([ 0.2962891 ,  0.02271708, -0.06477312,  0.25509791, -0.12972464,
       -0.49407412, -0.03582782,  0.03914329,  0.06120825,  0.47873639,
        0.31271979,  0.15038961,  0.29788923,  0.24470437, -0.04553194,
        0.03607143, -0.41348365,  0.0674867 ,  0.49129251,  0.08087571,
        0.36730911,  0.16354739,  0.44222063,  0.10882272, -0.0180646 ,
       -0.29341173, -0.439308  ,  0.4689816 ,  0.00375193,  0.1681391 ,
        0.33920925,  0.2234303 ,  0.09402237, -0.45379267,  0.06639153,
       -0.21580894]) 

Generation: 75 
 - Generation Avg Fit: 70.22792194377895 
 - Best Fitness: 145.57986084898087
 - Best Solution: array([ 0.2962891 ,  0.02271708, -0.06477312,  0.25509791, -0.12972464,
       -0.49407412, -0.03582782,  0.03914329,  0.06120825,  0.47873639,
        0.31271979,  0.15038961,  0.29788923,  0.24470437, -0.04553194,
        0.03607143, -0.41348365,  0.0674867 ,  0.49129251,  0.08087571,
        0.36730911,  0.16354739,  0.44222063,  0.10882272, -0.0180646 ,
       -0.29341173, -0.439308  ,  0.4689816 ,  0.00375193,  0.1681391 ,
        0.33920925,  0.2234303 ,  0.09402237, -0.45379267,  0.06639153,
       -0.21580894]) 

Generation: 76 
 - Generation Avg Fit: 62.30131461175806 
 - Best Fitness: 145.57986084898087
 - Best Solution: array([ 0.2962891 ,  0.02271708, -0.06477312,  0.25509791, -0.12972464,
       -0.49407412, -0.03582782,  0.03914329,  0.06120825,  0.47873639,
        0.31271979,  0.15038961,  0.29788923,  0.24470437, -0.04553194,
        0.03607143, -0.41348365,  0.0674867 ,  0.49129251,  0.08087571,
        0.36730911,  0.16354739,  0.44222063,  0.10882272, -0.0180646 ,
       -0.29341173, -0.439308  ,  0.4689816 ,  0.00375193,  0.1681391 ,
        0.33920925,  0.2234303 ,  0.09402237, -0.45379267,  0.06639153,
       -0.21580894]) 

Generation: 77 
 - Generation Avg Fit: 71.04259386815389 
 - Best Fitness: 145.57986084898087
 - Best Solution: array([ 0.2962891 ,  0.02271708, -0.06477312,  0.25509791, -0.12972464,
       -0.49407412, -0.03582782,  0.03914329,  0.06120825,  0.47873639,
        0.31271979,  0.15038961,  0.29788923,  0.24470437, -0.04553194,
        0.03607143, -0.41348365,  0.0674867 ,  0.49129251,  0.08087571,
        0.36730911,  0.16354739,  0.44222063,  0.10882272, -0.0180646 ,
       -0.29341173, -0.439308  ,  0.4689816 ,  0.00375193,  0.1681391 ,
        0.33920925,  0.2234303 ,  0.09402237, -0.45379267,  0.06639153,
       -0.21580894]) 

Generation: 78 
 - Generation Avg Fit: 67.2006031868746 
 - Best Fitness: 145.57986084898087
 - Best Solution: array([ 0.2962891 ,  0.02271708, -0.06477312,  0.25509791, -0.12972464,
       -0.49407412, -0.03582782,  0.03914329,  0.06120825,  0.47873639,
        0.31271979,  0.15038961,  0.29788923,  0.24470437, -0.04553194,
        0.03607143, -0.41348365,  0.0674867 ,  0.49129251,  0.08087571,
        0.36730911,  0.16354739,  0.44222063,  0.10882272, -0.0180646 ,
       -0.29341173, -0.439308  ,  0.4689816 ,  0.00375193,  0.1681391 ,
        0.33920925,  0.2234303 ,  0.09402237, -0.45379267,  0.06639153,
       -0.21580894]) 

Generation: 79 
 - Generation Avg Fit: 59.86386611131542 
 - Best Fitness: 145.57986084898087
 - Best Solution: array([ 0.2962891 ,  0.02271708, -0.06477312,  0.25509791, -0.12972464,
       -0.49407412, -0.03582782,  0.03914329,  0.06120825,  0.47873639,
        0.31271979,  0.15038961,  0.29788923,  0.24470437, -0.04553194,
        0.03607143, -0.41348365,  0.0674867 ,  0.49129251,  0.08087571,
        0.36730911,  0.16354739,  0.44222063,  0.10882272, -0.0180646 ,
       -0.29341173, -0.439308  ,  0.4689816 ,  0.00375193,  0.1681391 ,
        0.33920925,  0.2234303 ,  0.09402237, -0.45379267,  0.06639153,
       -0.21580894]) 

Generation: 80 
 - Generation Avg Fit: 64.21880584526922 
 - Best Fitness: 145.57986084898087
 - Best Solution: array([ 0.2962891 ,  0.02271708, -0.06477312,  0.25509791, -0.12972464,
       -0.49407412, -0.03582782,  0.03914329,  0.06120825,  0.47873639,
        0.31271979,  0.15038961,  0.29788923,  0.24470437, -0.04553194,
        0.03607143, -0.41348365,  0.0674867 ,  0.49129251,  0.08087571,
        0.36730911,  0.16354739,  0.44222063,  0.10882272, -0.0180646 ,
       -0.29341173, -0.439308  ,  0.4689816 ,  0.00375193,  0.1681391 ,
        0.33920925,  0.2234303 ,  0.09402237, -0.45379267,  0.06639153,
       -0.21580894]) 

Generation: 81 
 - Generation Avg Fit: 66.1741124804807 
 - Best Fitness: 152.55060870222104
 - Best Solution: array([ 3.12646219e-01,  1.89654202e-02, -6.78904374e-02,  2.46470410e-01,
       -1.50544983e-01, -4.80407486e-01, -9.13326944e-02,  2.68535616e-01,
        5.80048262e-02,  4.81183973e-01,  3.34923701e-01,  1.34058348e-01,
        3.05077819e-01,  2.21345536e-01, -6.26013516e-02,  4.41142383e-02,
       -4.05026136e-01,  8.63715691e-02,  4.91292513e-01,  8.22138566e-02,
        3.45085041e-01,  1.78010574e-01,  4.22259405e-01,  1.13036464e-01,
       -2.95239989e-02, -2.68602436e-01, -4.43465441e-01,  4.69256639e-01,
       -4.06227594e-04,  1.82826863e-01,  3.26628644e-01,  2.17010124e-01,
        1.23372568e-01, -5.02112228e-01,  7.98767159e-02, -2.17222548e-01]) 

Generation: 82 
 - Generation Avg Fit: 60.998573643181054 
 - Best Fitness: 152.55060870222104
 - Best Solution: array([ 0.2962891 ,  0.02271708, -0.06477312,  0.25509791, -0.12972464,
       -0.49407412, -0.03582782,  0.03914329,  0.06120825,  0.47873639,
        0.31271979,  0.15038961,  0.29788923,  0.24470437, -0.04553194,
        0.03607143, -0.41348365,  0.0674867 ,  0.49129251,  0.08087571,
        0.36730911,  0.16354739,  0.44222063,  0.10882272, -0.0180646 ,
       -0.29341173, -0.439308  ,  0.4689816 ,  0.00375193,  0.1681391 ,
        0.33920925,  0.2234303 ,  0.09402237, -0.45379267,  0.06639153,
       -0.21580894]) 

Generation: 83 
 - Generation Avg Fit: 57.03586138253576 
 - Best Fitness: 152.55060870222104
 - Best Solution: array([ 3.12646219e-01,  1.89654202e-02, -6.78904374e-02,  2.46470410e-01,
       -1.50544983e-01, -4.80407486e-01, -9.13326944e-02,  2.68535616e-01,
        5.80048262e-02,  4.81183973e-01,  3.34923701e-01,  1.34058348e-01,
        3.05077819e-01,  2.21345536e-01, -6.26013516e-02,  4.41142383e-02,
       -4.05026136e-01,  8.63715691e-02,  4.91292513e-01,  8.22138566e-02,
        3.45085041e-01,  1.78010574e-01,  4.22259405e-01,  1.13036464e-01,
       -2.95239989e-02, -2.68602436e-01, -4.43465441e-01,  4.69256639e-01,
       -4.06227594e-04,  1.82826863e-01,  3.26628644e-01,  2.17010124e-01,
        1.23372568e-01, -5.02112228e-01,  7.98767159e-02, -2.17222548e-01]) 

Generation: 84 
 - Generation Avg Fit: 67.31327059811157 
 - Best Fitness: 152.55060870222104
 - Best Solution: array([ 3.12646219e-01,  1.89654202e-02, -6.78904374e-02,  2.46470410e-01,
       -1.50544983e-01, -4.80407486e-01, -9.13326944e-02,  2.68535616e-01,
        5.80048262e-02,  4.81183973e-01,  3.34923701e-01,  1.34058348e-01,
        3.05077819e-01,  2.21345536e-01, -6.26013516e-02,  4.41142383e-02,
       -4.05026136e-01,  8.63715691e-02,  4.91292513e-01,  8.22138566e-02,
        3.45085041e-01,  1.78010574e-01,  4.22259405e-01,  1.13036464e-01,
       -2.95239989e-02, -2.68602436e-01, -4.43465441e-01,  4.69256639e-01,
       -4.06227594e-04,  1.82826863e-01,  3.26628644e-01,  2.17010124e-01,
        1.23372568e-01, -5.02112228e-01,  7.98767159e-02, -2.17222548e-01]) 

Generation: 85 
 - Generation Avg Fit: 69.45214195467075 
 - Best Fitness: 152.55060870222104
 - Best Solution: array([ 3.12646219e-01,  1.89654202e-02, -6.78904374e-02,  2.46470410e-01,
       -1.50544983e-01, -4.80407486e-01, -9.13326944e-02,  2.68535616e-01,
        5.80048262e-02,  4.81183973e-01,  3.34923701e-01,  1.34058348e-01,
        3.05077819e-01,  2.21345536e-01, -6.26013516e-02,  4.41142383e-02,
       -4.05026136e-01,  8.63715691e-02,  4.91292513e-01,  8.22138566e-02,
        3.45085041e-01,  1.78010574e-01,  4.22259405e-01,  1.13036464e-01,
       -2.95239989e-02, -2.68602436e-01, -4.43465441e-01,  4.69256639e-01,
       -4.06227594e-04,  1.82826863e-01,  3.26628644e-01,  2.17010124e-01,
        1.23372568e-01, -5.02112228e-01,  7.98767159e-02, -2.17222548e-01]) 

Generation: 86 
 - Generation Avg Fit: 64.59096955881954 
 - Best Fitness: 152.55060870222104
 - Best Solution: array([ 3.12646219e-01,  1.89654202e-02, -6.78904374e-02,  2.46470410e-01,
       -1.50544983e-01, -4.80407486e-01, -9.13326944e-02,  2.68535616e-01,
        5.80048262e-02,  4.81183973e-01,  3.34923701e-01,  1.34058348e-01,
        3.05077819e-01,  2.21345536e-01, -6.26013516e-02,  4.41142383e-02,
       -4.05026136e-01,  8.63715691e-02,  4.91292513e-01,  8.22138566e-02,
        3.45085041e-01,  1.78010574e-01,  4.22259405e-01,  1.13036464e-01,
       -2.95239989e-02, -2.68602436e-01, -4.43465441e-01,  4.69256639e-01,
       -4.06227594e-04,  1.82826863e-01,  3.26628644e-01,  2.17010124e-01,
        1.23372568e-01, -5.02112228e-01,  7.98767159e-02, -2.17222548e-01]) 

Generation: 87 
 - Generation Avg Fit: 60.856899327076604 
 - Best Fitness: 152.55060870222104
 - Best Solution: array([ 3.12646219e-01,  1.89654202e-02, -6.78904374e-02,  2.46470410e-01,
       -1.50544983e-01, -4.80407486e-01, -9.13326944e-02,  2.68535616e-01,
        5.80048262e-02,  4.81183973e-01,  3.34923701e-01,  1.34058348e-01,
        3.05077819e-01,  2.21345536e-01, -6.26013516e-02,  4.41142383e-02,
       -4.05026136e-01,  8.63715691e-02,  4.91292513e-01,  8.22138566e-02,
        3.45085041e-01,  1.78010574e-01,  4.22259405e-01,  1.13036464e-01,
       -2.95239989e-02, -2.68602436e-01, -4.43465441e-01,  4.69256639e-01,
       -4.06227594e-04,  1.82826863e-01,  3.26628644e-01,  2.17010124e-01,
        1.23372568e-01, -5.02112228e-01,  7.98767159e-02, -2.17222548e-01]) 

Generation: 88 
 - Generation Avg Fit: 62.57491603080854 
 - Best Fitness: 152.55060870222104
 - Best Solution: array([ 3.12646219e-01,  1.89654202e-02, -6.78904374e-02,  2.46470410e-01,
       -1.50544983e-01, -4.80407486e-01, -9.13326944e-02,  2.68535616e-01,
        5.80048262e-02,  4.81183973e-01,  3.34923701e-01,  1.34058348e-01,
        3.05077819e-01,  2.21345536e-01, -6.26013516e-02,  4.41142383e-02,
       -4.05026136e-01,  8.63715691e-02,  4.91292513e-01,  8.22138566e-02,
        3.45085041e-01,  1.78010574e-01,  4.22259405e-01,  1.13036464e-01,
       -2.95239989e-02, -2.68602436e-01, -4.43465441e-01,  4.69256639e-01,
       -4.06227594e-04,  1.82826863e-01,  3.26628644e-01,  2.17010124e-01,
        1.23372568e-01, -5.02112228e-01,  7.98767159e-02, -2.17222548e-01]) 

Generation: 89 
 - Generation Avg Fit: 66.50837200386239 
 - Best Fitness: 152.55060870222104
 - Best Solution: array([ 3.12646219e-01,  1.89654202e-02, -6.78904374e-02,  2.46470410e-01,
       -1.50544983e-01, -4.80407486e-01, -9.13326944e-02,  2.68535616e-01,
        5.80048262e-02,  4.81183973e-01,  3.34923701e-01,  1.34058348e-01,
        3.05077819e-01,  2.21345536e-01, -6.26013516e-02,  4.41142383e-02,
       -4.05026136e-01,  8.63715691e-02,  4.91292513e-01,  8.22138566e-02,
        3.45085041e-01,  1.78010574e-01,  4.22259405e-01,  1.13036464e-01,
       -2.95239989e-02, -2.68602436e-01, -4.43465441e-01,  4.69256639e-01,
       -4.06227594e-04,  1.82826863e-01,  3.26628644e-01,  2.17010124e-01,
        1.23372568e-01, -5.02112228e-01,  7.98767159e-02, -2.17222548e-01]) 

Generation: 90 
 - Generation Avg Fit: 69.22760955854244 
 - Best Fitness: 152.55060870222104
 - Best Solution: array([ 3.12646219e-01,  1.89654202e-02, -6.78904374e-02,  2.46470410e-01,
       -1.50544983e-01, -4.80407486e-01, -9.13326944e-02,  2.68535616e-01,
        5.80048262e-02,  4.81183973e-01,  3.34923701e-01,  1.34058348e-01,
        3.05077819e-01,  2.21345536e-01, -6.26013516e-02,  4.41142383e-02,
       -4.05026136e-01,  8.63715691e-02,  4.91292513e-01,  8.22138566e-02,
        3.45085041e-01,  1.78010574e-01,  4.22259405e-01,  1.13036464e-01,
       -2.95239989e-02, -2.68602436e-01, -4.43465441e-01,  4.69256639e-01,
       -4.06227594e-04,  1.82826863e-01,  3.26628644e-01,  2.17010124e-01,
        1.23372568e-01, -5.02112228e-01,  7.98767159e-02, -2.17222548e-01]) 

Generation: 91 
 - Generation Avg Fit: 62.24820573692415 
 - Best Fitness: 152.55060870222104
 - Best Solution: array([ 3.12646219e-01,  1.89654202e-02, -6.78904374e-02,  2.46470410e-01,
       -1.50544983e-01, -4.80407486e-01, -9.13326944e-02,  2.68535616e-01,
        5.80048262e-02,  4.81183973e-01,  3.34923701e-01,  1.34058348e-01,
        3.05077819e-01,  2.21345536e-01, -6.26013516e-02,  4.41142383e-02,
       -4.05026136e-01,  8.63715691e-02,  4.91292513e-01,  8.22138566e-02,
        3.45085041e-01,  1.78010574e-01,  4.22259405e-01,  1.13036464e-01,
       -2.95239989e-02, -2.68602436e-01, -4.43465441e-01,  4.69256639e-01,
       -4.06227594e-04,  1.82826863e-01,  3.26628644e-01,  2.17010124e-01,
        1.23372568e-01, -5.02112228e-01,  7.98767159e-02, -2.17222548e-01]) 

Generation: 92 
 - Generation Avg Fit: 75.7188958734748 
 - Best Fitness: 152.55060870222104
 - Best Solution: array([ 3.12646219e-01,  1.89654202e-02, -6.78904374e-02,  2.46470410e-01,
       -1.50544983e-01, -4.80407486e-01, -9.13326944e-02,  2.68535616e-01,
        5.80048262e-02,  4.81183973e-01,  3.34923701e-01,  1.34058348e-01,
        3.05077819e-01,  2.21345536e-01, -6.26013516e-02,  4.41142383e-02,
       -4.05026136e-01,  8.63715691e-02,  4.91292513e-01,  8.22138566e-02,
        3.45085041e-01,  1.78010574e-01,  4.22259405e-01,  1.13036464e-01,
       -2.95239989e-02, -2.68602436e-01, -4.43465441e-01,  4.69256639e-01,
       -4.06227594e-04,  1.82826863e-01,  3.26628644e-01,  2.17010124e-01,
        1.23372568e-01, -5.02112228e-01,  7.98767159e-02, -2.17222548e-01]) 

Generation: 93 
 - Generation Avg Fit: 63.65730920968144 
 - Best Fitness: 152.55060870222104
 - Best Solution: array([ 3.12646219e-01,  1.89654202e-02, -6.78904374e-02,  2.46470410e-01,
       -1.50544983e-01, -4.80407486e-01, -9.13326944e-02,  2.68535616e-01,
        5.80048262e-02,  4.81183973e-01,  3.34923701e-01,  1.34058348e-01,
        3.05077819e-01,  2.21345536e-01, -6.26013516e-02,  4.41142383e-02,
       -4.05026136e-01,  8.63715691e-02,  4.91292513e-01,  8.22138566e-02,
        3.45085041e-01,  1.78010574e-01,  4.22259405e-01,  1.13036464e-01,
       -2.95239989e-02, -2.68602436e-01, -4.43465441e-01,  4.69256639e-01,
       -4.06227594e-04,  1.82826863e-01,  3.26628644e-01,  2.17010124e-01,
        1.23372568e-01, -5.02112228e-01,  7.98767159e-02, -2.17222548e-01]) 

Generation: 94 
 - Generation Avg Fit: 64.03656923510556 
 - Best Fitness: 152.55060870222104
 - Best Solution: array([ 3.12646219e-01,  1.89654202e-02, -6.78904374e-02,  2.46470410e-01,
       -1.50544983e-01, -4.80407486e-01, -9.13326944e-02,  2.68535616e-01,
        5.80048262e-02,  4.81183973e-01,  3.34923701e-01,  1.34058348e-01,
        3.05077819e-01,  2.21345536e-01, -6.26013516e-02,  4.41142383e-02,
       -4.05026136e-01,  8.63715691e-02,  4.91292513e-01,  8.22138566e-02,
        3.45085041e-01,  1.78010574e-01,  4.22259405e-01,  1.13036464e-01,
       -2.95239989e-02, -2.68602436e-01, -4.43465441e-01,  4.69256639e-01,
       -4.06227594e-04,  1.82826863e-01,  3.26628644e-01,  2.17010124e-01,
        1.23372568e-01, -5.02112228e-01,  7.98767159e-02, -2.17222548e-01]) 

Generation: 95 
 - Generation Avg Fit: 72.4857523530991 
 - Best Fitness: 152.55060870222104
 - Best Solution: array([ 3.12646219e-01,  1.89654202e-02, -6.78904374e-02,  2.46470410e-01,
       -1.50544983e-01, -4.80407486e-01, -9.13326944e-02,  2.68535616e-01,
        5.80048262e-02,  4.81183973e-01,  3.34923701e-01,  1.34058348e-01,
        3.05077819e-01,  2.21345536e-01, -6.26013516e-02,  4.41142383e-02,
       -4.05026136e-01,  8.63715691e-02,  4.91292513e-01,  8.22138566e-02,
        3.45085041e-01,  1.78010574e-01,  4.22259405e-01,  1.13036464e-01,
       -2.95239989e-02, -2.68602436e-01, -4.43465441e-01,  4.69256639e-01,
       -4.06227594e-04,  1.82826863e-01,  3.26628644e-01,  2.17010124e-01,
        1.23372568e-01, -5.02112228e-01,  7.98767159e-02, -2.17222548e-01]) 

Generation: 96 
 - Generation Avg Fit: 66.5089465320621 
 - Best Fitness: 152.55060870222104
 - Best Solution: array([ 3.12646219e-01,  1.89654202e-02, -6.78904374e-02,  2.46470410e-01,
       -1.50544983e-01, -4.80407486e-01, -9.13326944e-02,  2.68535616e-01,
        5.80048262e-02,  4.81183973e-01,  3.34923701e-01,  1.34058348e-01,
        3.05077819e-01,  2.21345536e-01, -6.26013516e-02,  4.41142383e-02,
       -4.05026136e-01,  8.63715691e-02,  4.91292513e-01,  8.22138566e-02,
        3.45085041e-01,  1.78010574e-01,  4.22259405e-01,  1.13036464e-01,
       -2.95239989e-02, -2.68602436e-01, -4.43465441e-01,  4.69256639e-01,
       -4.06227594e-04,  1.82826863e-01,  3.26628644e-01,  2.17010124e-01,
        1.23372568e-01, -5.02112228e-01,  7.98767159e-02, -2.17222548e-01]) 

Generation: 97 
 - Generation Avg Fit: 76.91924853489522 
 - Best Fitness: 152.55060870222104
 - Best Solution: array([ 3.12646219e-01,  1.89654202e-02, -6.78904374e-02,  2.46470410e-01,
       -1.50544983e-01, -4.80407486e-01, -9.13326944e-02,  2.68535616e-01,
        5.80048262e-02,  4.81183973e-01,  3.34923701e-01,  1.34058348e-01,
        3.05077819e-01,  2.21345536e-01, -6.26013516e-02,  4.41142383e-02,
       -4.05026136e-01,  8.63715691e-02,  4.91292513e-01,  8.22138566e-02,
        3.45085041e-01,  1.78010574e-01,  4.22259405e-01,  1.13036464e-01,
       -2.95239989e-02, -2.68602436e-01, -4.43465441e-01,  4.69256639e-01,
       -4.06227594e-04,  1.82826863e-01,  3.26628644e-01,  2.17010124e-01,
        1.23372568e-01, -5.02112228e-01,  7.98767159e-02, -2.17222548e-01]) 

Generation: 98 
 - Generation Avg Fit: 69.97158738013441 
 - Best Fitness: 152.55060870222104
 - Best Solution: array([ 3.12646219e-01,  1.89654202e-02, -6.78904374e-02,  2.46470410e-01,
       -1.50544983e-01, -4.80407486e-01, -9.13326944e-02,  2.68535616e-01,
        5.80048262e-02,  4.81183973e-01,  3.34923701e-01,  1.34058348e-01,
        3.05077819e-01,  2.21345536e-01, -6.26013516e-02,  4.41142383e-02,
       -4.05026136e-01,  8.63715691e-02,  4.91292513e-01,  8.22138566e-02,
        3.45085041e-01,  1.78010574e-01,  4.22259405e-01,  1.13036464e-01,
       -2.95239989e-02, -2.68602436e-01, -4.43465441e-01,  4.69256639e-01,
       -4.06227594e-04,  1.82826863e-01,  3.26628644e-01,  2.17010124e-01,
        1.23372568e-01, -5.02112228e-01,  7.98767159e-02, -2.17222548e-01]) 

Generation: 99 
 - Generation Avg Fit: 72.76707108998814 
 - Best Fitness: 152.55060870222104
 - Best Solution: array([ 3.12646219e-01,  1.89654202e-02, -6.78904374e-02,  2.46470410e-01,
       -1.50544983e-01, -4.80407486e-01, -9.13326944e-02,  2.68535616e-01,
        5.80048262e-02,  4.81183973e-01,  3.34923701e-01,  1.34058348e-01,
        3.05077819e-01,  2.21345536e-01, -6.26013516e-02,  4.41142383e-02,
       -4.05026136e-01,  8.63715691e-02,  4.91292513e-01,  8.22138566e-02,
        3.45085041e-01,  1.78010574e-01,  4.22259405e-01,  1.13036464e-01,
       -2.95239989e-02, -2.68602436e-01, -4.43465441e-01,  4.69256639e-01,
       -4.06227594e-04,  1.82826863e-01,  3.26628644e-01,  2.17010124e-01,
        1.23372568e-01, -5.02112228e-01,  7.98767159e-02, -2.17222548e-01]) 

Generation: 100 
 - Generation Avg Fit: 69.04579423026534 
 - Best Fitness: 152.55060870222104
 - Best Solution: array([ 3.12646219e-01,  1.89654202e-02, -6.78904374e-02,  2.46470410e-01,
       -1.50544983e-01, -4.80407486e-01, -9.13326944e-02,  2.68535616e-01,
        5.80048262e-02,  4.81183973e-01,  3.34923701e-01,  1.34058348e-01,
        3.05077819e-01,  2.21345536e-01, -6.26013516e-02,  4.41142383e-02,
       -4.05026136e-01,  8.63715691e-02,  4.91292513e-01,  8.22138566e-02,
        3.45085041e-01,  1.78010574e-01,  4.22259405e-01,  1.13036464e-01,
       -2.95239989e-02, -2.68602436e-01, -4.43465441e-01,  4.69256639e-01,
       -4.06227594e-04,  1.82826863e-01,  3.26628644e-01,  2.17010124e-01,
        1.23372568e-01, -5.02112228e-01,  7.98767159e-02, -2.17222548e-01]) 
