
-------------------------------------------------------------------------------------------------------
                                --- Method Parameters ---                                            
-------------------------------------------------------------------------------------------------------

method: Microbial, sim_duration: 10, fitness_func: Fitness_Day3, pop_size: 10, gen_size: 100, weight_search: 0.5, 

=======================================================================================================

Gen: 0 Fitness: -4225.258373331363 Weights: array([[ 0.47357792, -0.38019357,  0.22051889,  0.17349934, -0.24670352,
         0.35946607],
       [ 0.30729659, -0.31781315, -0.02225213,  0.21501334, -0.28757528,
        -0.20225028],
       [ 0.11065256, -0.46204156, -0.40180061, -0.32180502, -0.47958929,
        -0.12424703],
       [-0.18852492, -0.42058639,  0.21930647,  0.01047026, -0.42553455,
         0.0922749 ],
       [ 0.28169131,  0.10894086,  0.23379749, -0.03169646,  0.44054494,
         0.47700337],
       [ 0.47881994,  0.16026855,  0.01070383,  0.42305702, -0.03733095,
        -0.14898972]]) 

Gen: 1 Fitness: 148.12404961954064 Weights: array([[-0.16523757,  0.18474251,  0.19816222, -0.15125994,  0.05209305,
        -0.44508149],
       [-0.4431025 ,  0.32539742,  0.09298563, -0.42738741,  0.27665069,
         0.28968122],
       [-0.16572767,  0.45945698,  0.30428783,  0.45066139, -0.2069104 ,
         0.03793301],
       [ 0.00119889,  0.44656274, -0.144785  , -0.05021615, -0.2049416 ,
        -0.25581535],
       [ 0.40755671, -0.46199098, -0.07436451,  0.41882541,  0.08727669,
        -0.41102187],
       [ 0.1805981 ,  0.33233794, -0.31376089,  0.03750205, -0.43846277,
         0.07639278]]) 

Gen: 4 Fitness: 175.65475028342607 Weights: array([[-0.16523757,  0.18474251,  0.19816222, -0.15125994,  0.05209305,
        -0.44508149],
       [-0.4431025 ,  0.32539742,  0.09298563, -0.42738741,  0.27665069,
         0.28968122],
       [-0.42913664,  0.42016454, -0.33995173,  0.12322461, -0.33160076,
         0.34884543],
       [ 0.00119889,  0.44656274, -0.144785  , -0.05021615, -0.2049416 ,
        -0.25581535],
       [ 0.40755671, -0.46199098, -0.07436451,  0.41882541,  0.08727669,
        -0.41102187],
       [ 0.48881994,  0.17026855,  0.02070383,  0.43305702, -0.02733095,
        -0.13898972]]) 

Gen: 5 Fitness: 343.26211302770736 Weights: array([[-0.09695944, -0.13294621, -0.17899205, -0.49402113,  0.42642777,
        -0.09660736],
       [ 0.41103413, -0.45549771,  0.1306777 ,  0.37847844,  0.29660162,
        -0.43074886],
       [-0.27191595, -0.08476946,  0.34348817, -0.38359912, -0.05720941,
         0.39151085],
       [-0.04357715, -0.46846085,  0.4241995 ,  0.13239183,  0.44382874,
         0.32767036],
       [-0.47357836,  0.32242572, -0.36554108, -0.0254491 ,  0.28602887,
        -0.31763807],
       [-0.16079048,  0.18103966,  0.48080122, -0.18763082,  0.17773411,
         0.14802402]]) 

Gen: 10 Fitness: 492.93447716872157 Weights: array([[-0.08695944, -0.12294621, -0.16899205, -0.48402113,  0.43642777,
        -0.08660736],
       [-0.4431025 ,  0.32539742,  0.09298563, -0.42738741,  0.27665069,
         0.28968122],
       [ 0.000769  ,  0.32975094, -0.35451505,  0.07027488, -0.02032734,
        -0.16745036],
       [-0.38700536, -0.28224932,  0.08806491,  0.26125559, -0.33808872,
        -0.43509115],
       [-0.47357836,  0.32242572, -0.36554108, -0.0254491 ,  0.28602887,
        -0.31763807],
       [ 0.47881994,  0.16026855,  0.01070383,  0.42305702, -0.03733095,
        -0.14898972]]) 

Gen: 14 Fitness: 546.0815526350028 Weights: array([[-0.18523757,  0.16474251,  0.17816222, -0.17125994,  0.03209305,
        -0.46508149],
       [-0.4331025 ,  0.33539742,  0.10298563, -0.41738741,  0.28665069,
         0.29968122],
       [-0.009231  ,  0.31975094, -0.36451505,  0.06027488, -0.03032734,
        -0.17745036],
       [-0.38700536, -0.28224932,  0.08806491,  0.26125559, -0.33808872,
        -0.43509115],
       [-0.48357836,  0.31242572, -0.37554108, -0.0354491 ,  0.27602887,
        -0.32763807],
       [ 0.48881994,  0.17026855,  0.02070383,  0.43305702, -0.02733095,
        -0.13898972]]) 

Gen: 20 Fitness: 570.6656952098064 Weights: array([[-0.19523757,  0.15474251,  0.16816222, -0.18125994,  0.02209305,
        -0.47508149],
       [-0.4231025 ,  0.34539742,  0.11298563, -0.40738741,  0.29665069,
         0.30968122],
       [-0.019231  ,  0.30975094, -0.37451505,  0.05027488, -0.04032734,
        -0.18745036],
       [-0.39700536, -0.29224932,  0.07806491,  0.25125559, -0.34808872,
        -0.44509115],
       [-0.48357836,  0.31242572, -0.37554108, -0.0354491 ,  0.27602887,
        -0.32763807],
       [ 0.49881994,  0.18026855,  0.03070383,  0.44305702, -0.01733095,
        -0.12898972]]) 

Gen: 22 Fitness: 623.8936309716396 Weights: array([[-0.16523757,  0.18474251,  0.19816222, -0.15125994,  0.05209305,
        -0.44508149],
       [-0.4431025 ,  0.32539742,  0.09298563, -0.42738741,  0.27665069,
         0.28968122],
       [-0.029231  ,  0.29975094, -0.38451505,  0.04027488, -0.05032734,
        -0.19745036],
       [ 0.00119889,  0.44656274, -0.144785  , -0.05021615, -0.2049416 ,
        -0.25581535],
       [-0.49357836,  0.30242572, -0.38554108, -0.0454491 ,  0.26602887,
        -0.33763807],
       [ 0.47881994,  0.16026855,  0.01070383,  0.42305702, -0.03733095,
        -0.14898972]]) 

Gen: 27 Fitness: 788.477384011248 Weights: array([[-0.15523757,  0.19474251,  0.20816222, -0.14125994,  0.06209305,
        -0.43508149],
       [-0.4431025 ,  0.32539742,  0.09298563, -0.42738741,  0.27665069,
         0.28968122],
       [-0.039231  ,  0.28975094, -0.39451505,  0.03027488, -0.06032734,
        -0.20745036],
       [ 0.01119889,  0.45656274, -0.134785  , -0.04021615, -0.1949416 ,
        -0.24581535],
       [-0.48357836,  0.31242572, -0.37554108, -0.0354491 ,  0.27602887,
        -0.32763807],
       [ 0.47881994,  0.16026855,  0.01070383,  0.42305702, -0.03733095,
        -0.14898972]]) 

Gen: 35 Fitness: 880.5223481458902 Weights: array([[-0.14523757,  0.20474251,  0.21816222, -0.13125994,  0.07209305,
        -0.42508149],
       [-0.4431025 ,  0.32539742,  0.09298563, -0.42738741,  0.27665069,
         0.28968122],
       [-0.029231  ,  0.29975094, -0.38451505,  0.04027488, -0.05032734,
        -0.19745036],
       [-0.01880111,  0.42656274, -0.164785  , -0.07021615, -0.2249416 ,
        -0.27581535],
       [-0.48357836,  0.31242572, -0.37554108, -0.0354491 ,  0.27602887,
        -0.32763807],
       [ 0.45881994,  0.14026855, -0.00929617,  0.40305702, -0.05733095,
        -0.16898972]]) 

Gen: 45 Fitness: 891.7280282763201 Weights: array([[-0.15523757,  0.19474251,  0.20816222, -0.14125994,  0.06209305,
        -0.43508149],
       [-0.4531025 ,  0.31539742,  0.08298563, -0.43738741,  0.26665069,
         0.27968122],
       [-0.039231  ,  0.28975094, -0.39451505,  0.03027488, -0.06032734,
        -0.20745036],
       [-0.01880111,  0.42656274, -0.164785  , -0.07021615, -0.2249416 ,
        -0.27581535],
       [-0.49357836,  0.30242572, -0.38554108, -0.0454491 ,  0.26602887,
        -0.33763807],
       [ 0.46881994,  0.15026855,  0.00070383,  0.41305702, -0.04733095,
        -0.15898972]]) 

Gen: 47 Fitness: 922.1989041930025 Weights: array([[-0.16523757,  0.18474251,  0.19816222, -0.15125994,  0.05209305,
        -0.44508149],
       [-0.4531025 ,  0.31539742,  0.08298563, -0.43738741,  0.26665069,
         0.27968122],
       [-0.049231  ,  0.27975094, -0.40451505,  0.02027488, -0.07032734,
        -0.21745036],
       [ 0.02119889,  0.46656274, -0.124785  , -0.03021615, -0.1849416 ,
        -0.23581535],
       [-0.48357836,  0.31242572, -0.37554108, -0.0354491 ,  0.27602887,
        -0.32763807],
       [ 0.47881994,  0.16026855,  0.01070383,  0.42305702, -0.03733095,
        -0.14898972]]) 

Gen: 48 Fitness: 942.7709372080002 Weights: array([[-0.15523757,  0.19474251,  0.20816222, -0.14125994,  0.06209305,
        -0.43508149],
       [-0.4531025 ,  0.31539742,  0.08298563, -0.43738741,  0.26665069,
         0.27968122],
       [-0.059231  ,  0.26975094, -0.41451505,  0.01027488, -0.08032734,
        -0.22745036],
       [ 0.00119889,  0.44656274, -0.144785  , -0.05021615, -0.2049416 ,
        -0.25581535],
       [-0.47357836,  0.32242572, -0.36554108, -0.0254491 ,  0.28602887,
        -0.31763807],
       [ 0.47881994,  0.16026855,  0.01070383,  0.42305702, -0.03733095,
        -0.14898972]]) 

Gen: 49 Fitness: 944.4001044934428 Weights: array([[-0.16523757,  0.18474251,  0.19816222, -0.15125994,  0.05209305,
        -0.44508149],
       [-0.4331025 ,  0.33539742,  0.10298563, -0.41738741,  0.28665069,
         0.29968122],
       [-0.039231  ,  0.28975094, -0.39451505,  0.03027488, -0.06032734,
        -0.20745036],
       [ 0.02119889,  0.46656274, -0.124785  , -0.03021615, -0.1849416 ,
        -0.23581535],
       [-0.49357836,  0.30242572, -0.38554108, -0.0454491 ,  0.26602887,
        -0.33763807],
       [ 0.47881994,  0.16026855,  0.01070383,  0.42305702, -0.03733095,
        -0.14898972]]) 

Gen: 53 Fitness: 949.9630848657152 Weights: array([[-0.15523757,  0.19474251,  0.20816222, -0.14125994,  0.06209305,
        -0.43508149],
       [-0.4531025 ,  0.31539742,  0.08298563, -0.43738741,  0.26665069,
         0.27968122],
       [-0.049231  ,  0.27975094, -0.40451505,  0.02027488, -0.07032734,
        -0.21745036],
       [ 0.03119889,  0.47656274, -0.114785  , -0.02021615, -0.1749416 ,
        -0.22581535],
       [-0.48357836,  0.31242572, -0.37554108, -0.0354491 ,  0.27602887,
        -0.32763807],
       [ 0.47881994,  0.16026855,  0.01070383,  0.42305702, -0.03733095,
        -0.14898972]]) 

Gen: 57 Fitness: 955.8458850183837 Weights: array([[-0.15523757,  0.19474251,  0.20816222, -0.14125994,  0.06209305,
        -0.43508149],
       [-0.4531025 ,  0.31539742,  0.08298563, -0.43738741,  0.26665069,
         0.27968122],
       [-0.039231  ,  0.28975094, -0.39451505,  0.03027488, -0.06032734,
        -0.20745036],
       [ 0.03119889,  0.47656274, -0.114785  , -0.02021615, -0.1749416 ,
        -0.22581535],
       [-0.49357836,  0.30242572, -0.38554108, -0.0454491 ,  0.26602887,
        -0.33763807],
       [ 0.47881994,  0.16026855,  0.01070383,  0.42305702, -0.03733095,
        -0.14898972]]) 

Gen: 61 Fitness: 995.1881552274261 Weights: array([[-0.15523757,  0.19474251,  0.20816222, -0.14125994,  0.06209305,
        -0.43508149],
       [-0.4231025 ,  0.34539742,  0.11298563, -0.40738741,  0.29665069,
         0.30968122],
       [-0.049231  ,  0.27975094, -0.40451505,  0.02027488, -0.07032734,
        -0.21745036],
       [ 0.04119889,  0.48656274, -0.104785  , -0.01021615, -0.1649416 ,
        -0.21581535],
       [-0.49357836,  0.30242572, -0.38554108, -0.0454491 ,  0.26602887,
        -0.33763807],
       [ 0.48881994,  0.17026855,  0.02070383,  0.43305702, -0.02733095,
        -0.13898972]]) 

Gen: 66 Fitness: 1013.3576144543401 Weights: array([[-0.14523757,  0.20474251,  0.21816222, -0.13125994,  0.07209305,
        -0.42508149],
       [-0.4431025 ,  0.32539742,  0.09298563, -0.42738741,  0.27665069,
         0.28968122],
       [-0.059231  ,  0.26975094, -0.41451505,  0.01027488, -0.08032734,
        -0.22745036],
       [ 0.00119889,  0.44656274, -0.144785  , -0.05021615, -0.2049416 ,
        -0.25581535],
       [-0.52357836,  0.27242572, -0.41554108, -0.0754491 ,  0.23602887,
        -0.36763807],
       [ 0.49881994,  0.18026855,  0.03070383,  0.44305702, -0.01733095,
        -0.12898972]]) 

Gen: 67 Fitness: 1035.268242567543 Weights: array([[-1.45237569e-01,  2.04742506e-01,  2.18162222e-01,
        -1.31259938e-01,  7.20930505e-02, -4.25081491e-01],
       [-4.53102502e-01,  3.15397417e-01,  8.29856326e-02,
        -4.37387407e-01,  2.66650691e-01,  2.79681217e-01],
       [-6.92310035e-02,  2.59750938e-01, -4.24515049e-01,
         2.74881589e-04, -9.03273396e-02, -2.37450357e-01],
       [ 1.11988877e-02,  4.56562739e-01, -1.34784995e-01,
        -4.02161540e-02, -1.94941604e-01, -2.45815351e-01],
       [-5.03578360e-01,  2.92425722e-01, -3.95541081e-01,
        -5.54490987e-02,  2.56028872e-01, -3.47638067e-01],
       [ 4.98819944e-01,  1.80268554e-01,  3.07038328e-02,
         4.43057021e-01, -1.73309519e-02, -1.28989719e-01]]) 

Gen: 72 Fitness: 1039.4160110963223 Weights: array([[-0.14523757,  0.20474251,  0.21816222, -0.13125994,  0.07209305,
        -0.42508149],
       [-0.4231025 ,  0.34539742,  0.11298563, -0.40738741,  0.29665069,
         0.30968122],
       [-0.059231  ,  0.26975094, -0.41451505,  0.01027488, -0.08032734,
        -0.22745036],
       [ 0.03119889,  0.47656274, -0.114785  , -0.02021615, -0.1749416 ,
        -0.22581535],
       [-0.49357836,  0.30242572, -0.38554108, -0.0454491 ,  0.26602887,
        -0.33763807],
       [ 0.49881994,  0.18026855,  0.03070383,  0.44305702, -0.01733095,
        -0.12898972]]) 

Gen: 77 Fitness: 1109.0269135203266 Weights: array([[-0.13523757,  0.21474251,  0.22816222, -0.12125994,  0.08209305,
        -0.41508149],
       [-0.4431025 ,  0.32539742,  0.09298563, -0.42738741,  0.27665069,
         0.28968122],
       [-0.059231  ,  0.26975094, -0.41451505,  0.01027488, -0.08032734,
        -0.22745036],
       [ 0.07119889,  0.51656274, -0.074785  ,  0.01978385, -0.1349416 ,
        -0.18581535],
       [-0.49357836,  0.30242572, -0.38554108, -0.0454491 ,  0.26602887,
        -0.33763807],
       [ 0.49881994,  0.18026855,  0.03070383,  0.44305702, -0.01733095,
        -0.12898972]]) 

Gen: 86 Fitness: 1109.727307777636 Weights: array([[-0.12523757,  0.22474251,  0.23816222, -0.11125994,  0.09209305,
        -0.40508149],
       [-0.4031025 ,  0.36539742,  0.13298563, -0.38738741,  0.31665069,
         0.32968122],
       [-0.049231  ,  0.27975094, -0.40451505,  0.02027488, -0.07032734,
        -0.21745036],
       [ 0.06119889,  0.50656274, -0.084785  ,  0.00978385, -0.1449416 ,
        -0.19581535],
       [-0.50357836,  0.29242572, -0.39554108, -0.0554491 ,  0.25602887,
        -0.34763807],
       [ 0.49881994,  0.18026855,  0.03070383,  0.44305702, -0.01733095,
        -0.12898972]]) 


Generations: 100 Fitness: 1109.727307777636 
