
-------------------------------------------------------------------------------------------------------
                                --- Method Parameters ---                                            
-------------------------------------------------------------------------------------------------------

method: Microbial, sim_duration: 25, pop_size: 30, gen_size: 500, weight_search: 0.5, 

=======================================================================================================

Gen: 0 Fitness: -0.02115637149731242 Weights: array([[ 4.55322788e-01,  3.05964112e-01,  3.86780646e-01,
         4.08397102e-01, -3.09569679e-01,  1.34010418e-02],
       [-2.24424169e-01,  4.28777530e-01, -3.68019940e-01,
        -2.19786137e-01, -3.47018020e-01,  4.15852094e-01],
       [ 3.55665186e-04,  2.13709946e-01, -3.38218174e-01,
         2.45711447e-01,  2.94269701e-01, -1.16316649e-01],
       [-4.44907886e-01, -4.20300895e-01,  1.56720812e-01,
         4.92801505e-01,  3.89613500e-01, -2.13438881e-01],
       [-6.83882804e-02, -3.65604154e-01, -2.39557975e-01,
        -1.58859099e-01,  4.82269591e-01, -3.02924639e-01],
       [ 2.61570581e-02,  1.57108193e-01,  1.78224941e-01,
         2.63802941e-01,  6.69064850e-02, -3.27018532e-01]]) 

Gen: 2 Fitness: 0.7446771604296458 Weights: array([[ 0.44493551, -0.25786612, -0.39533112,  0.18210735, -0.34036701,
        -0.00706596],
       [-0.23712401,  0.0085975 ,  0.45712493,  0.096517  , -0.35946076,
         0.22758871],
       [-0.31546005,  0.04882295,  0.33568823,  0.45387859,  0.01244423,
         0.33072689],
       [-0.3922022 , -0.48778437, -0.11898708, -0.09186495, -0.14541504,
         0.30111422],
       [-0.24940362,  0.19364935, -0.02737537,  0.13250092,  0.454202  ,
         0.49719669],
       [-0.19127424, -0.0121145 ,  0.29368954, -0.22772469, -0.49006899,
         0.00462195]]) 

Gen: 3 Fitness: 19.559969670068114 Weights: array([[-0.42026282,  0.38904509,  0.39389543,  0.38061432,  0.47037183,
        -0.18224255],
       [ 0.47787239,  0.22153832, -0.08512986,  0.26706534, -0.17717558,
         0.23919448],
       [-0.31546005,  0.04882295,  0.33568823,  0.45387859,  0.01244423,
         0.33072689],
       [-0.15609256,  0.05965443,  0.07432417, -0.41855733, -0.42280488,
        -0.29407043],
       [ 0.38663629,  0.05646883,  0.49645312,  0.28813678,  0.37594092,
        -0.25696436],
       [ 0.20471799, -0.24220425,  0.3073026 ,  0.16866909,  0.35966183,
        -0.42877625]]) 

Gen: 37 Fitness: 48.96199709832986 Weights: array([[-0.42026282,  0.38904509,  0.39389543,  0.38061432,  0.47037183,
        -0.18224255],
       [ 0.47787239,  0.22153832, -0.08512986,  0.26706534, -0.17717558,
         0.23919448],
       [-0.30327685, -0.20121274, -0.32405381, -0.4202188 ,  0.03273795,
        -0.35788148],
       [-0.0520571 ,  0.25518649,  0.1347899 ,  0.38794311,  0.14195606,
         0.15734697],
       [ 0.38663629,  0.05646883,  0.49645312,  0.28813678,  0.37594092,
        -0.25696436],
       [ 0.20471799, -0.24220425,  0.3073026 ,  0.16866909,  0.35966183,
        -0.42877625]]) 

