
-------------------------------------------------------------------------------------------------------
                                --- Method Parameters ---                                            
-------------------------------------------------------------------------------------------------------

method: Microbial, sim_duration: 10, fitness_func: Fitness_Day3, pop_size: 10, gen_size: 100, weight_search: 0.5, 

=======================================================================================================

Gen: 0 Fitness: 94914.94406905412 Weights: array([[-0.23590719, -0.46881762,  0.38752757, -0.40490133, -0.08992147,
         0.24825339],
       [ 0.13910649, -0.00958075,  0.27963821, -0.18771576, -0.33060595,
        -0.46446275],
       [-0.36628571,  0.09770447, -0.38055884,  0.34185976,  0.33435996,
         0.04922026],
       [-0.07954771, -0.2693582 ,  0.00617881, -0.22669554,  0.02470265,
         0.05126333],
       [ 0.16848204,  0.41534279,  0.31025718, -0.20959386,  0.21911372,
         0.37762137],
       [ 0.2803019 , -0.06103411, -0.16472394,  0.34014348,  0.15574476,
        -0.17552751]]) 

Gen: 1 Fitness: 135675.15481356776 Weights: array([[-0.24853908, -0.00744626, -0.00865994, -0.4403399 , -0.43808827,
        -0.0275176 ],
       [-0.0227036 , -0.40343421,  0.21049859,  0.17743487, -0.3768161 ,
         0.04937913],
       [ 0.0753808 ,  0.18771214, -0.05310671,  0.43550279,  0.37337444,
        -0.22397833],
       [ 0.10238525, -0.38608891, -0.18676699,  0.25203262, -0.0463641 ,
        -0.01545464],
       [ 0.35016711, -0.09089365, -0.46478301,  0.38171164,  0.12330212,
        -0.39463021],
       [ 0.28956551, -0.18384956, -0.1887912 ,  0.37551338,  0.38699696,
         0.14467818]]) 

