
-------------------------------------------------------------------------------------------------------
                                --- Method Parameters ---                                            
-------------------------------------------------------------------------------------------------------

method: Microbial, sim_duration: 10, pop_size: 30, gen_size: 5000, weight_search: 0.5, 

=======================================================================================================

Gen: 0 Fitness: -1.5309916677041926 Weights: array([[-1.58267678e-01,  2.91403142e-01, -1.72173577e-01,
        -5.08749030e-02, -4.02116781e-02,  1.38746588e-01],
       [-3.21475326e-01,  5.76478921e-02,  3.47496622e-01,
        -4.71625241e-03,  2.85423820e-01, -9.58074465e-02],
       [ 4.16087233e-02,  2.06443505e-01,  2.94839633e-01,
        -1.56376434e-04,  4.37330426e-01,  4.87651918e-02],
       [ 4.28039028e-01,  3.40346086e-01,  3.14758515e-01,
        -1.76947721e-01, -4.14788411e-01,  4.93537751e-01],
       [ 4.57732660e-01, -2.42464991e-01, -2.04551727e-01,
         2.50658082e-01,  1.14286099e-01,  4.34848735e-01],
       [ 4.07249212e-01,  4.07321077e-01,  3.56155106e-01,
        -8.81310572e-02,  1.96476711e-01, -2.18528212e-01]]) 

Gen: 1 Fitness: 4.300412715036572 Weights: array([[ 0.38584932,  0.50054758,  0.3666846 , -0.04948407,  0.42647891,
        -0.2334259 ],
       [ 0.49713713, -0.34864912, -0.33639951,  0.27184164,  0.18764934,
        -0.08811421],
       [-0.05780106,  0.3761929 ,  0.47080177, -0.49957508,  0.38428926,
         0.41458015],
       [ 0.0164329 ,  0.05860998, -0.07898685,  0.32324346,  0.17539617,
         0.32853354],
       [ 0.10852405,  0.2159312 , -0.29440839,  0.12242147, -0.47984141,
        -0.47754932],
       [-0.05942946, -0.18316787,  0.46019886, -0.41573491, -0.35733304,
         0.1067412 ]]) 

Gen: 6 Fitness: 16.63175348294663 Weights: array([[ 1.25762300e-01, -2.43799391e-01, -3.40639729e-01,
         4.95917745e-01, -4.74537421e-01,  1.78881085e-01],
       [-4.46372838e-01, -2.05674006e-01, -4.29866168e-01,
        -2.63660131e-01,  3.04819964e-01,  3.24258057e-01],
       [ 4.16087233e-02,  2.06443505e-01,  2.94839633e-01,
        -1.56376434e-04,  4.37330426e-01,  4.87651918e-02],
       [ 6.43290446e-03,  4.86099792e-02, -8.89868535e-02,
         3.13243459e-01,  1.65396165e-01,  3.18533536e-01],
       [-4.95148854e-01,  9.38045041e-02, -4.47476133e-01,
        -7.19929065e-02,  3.08001585e-01, -4.64992477e-01],
       [-3.82487439e-02,  1.20127023e-01,  4.72937748e-01,
         2.99551146e-01,  4.62173032e-01,  3.69474319e-01]]) 

Gen: 33 Fitness: 27.188379785137386 Weights: array([[ 0.0377736 ,  0.22214769,  0.17549942, -0.08410026,  0.03989082,
        -0.48823761],
       [ 0.46713713, -0.37864912, -0.36639951,  0.24184164,  0.15764934,
        -0.11811421],
       [ 0.10863121,  0.24169894,  0.45206435,  0.47025615, -0.3476578 ,
         0.19545917],
       [-0.0235671 ,  0.01860998, -0.11898685,  0.28324346,  0.13539617,
         0.28853354],
       [ 0.45889856, -0.26482796,  0.12722813,  0.07674705, -0.06285306,
         0.48616607],
       [ 0.40724921,  0.40732108,  0.35615511, -0.08813106,  0.19647671,
        -0.21852821]]) 

Gen: 74 Fitness: 36.70490921232654 Weights: array([[ 0.0477736 ,  0.23214769,  0.18549942, -0.07410026,  0.04989082,
        -0.47823761],
       [ 0.46713713, -0.37864912, -0.36639951,  0.24184164,  0.15764934,
        -0.11811421],
       [ 0.09863121,  0.23169894,  0.44206435,  0.46025615, -0.3576578 ,
         0.18545917],
       [-0.0335671 ,  0.00860998, -0.12898685,  0.27324346,  0.12539617,
         0.27853354],
       [ 0.45889856, -0.26482796,  0.12722813,  0.07674705, -0.06285306,
         0.48616607],
       [ 0.40724921,  0.40732108,  0.35615511, -0.08813106,  0.19647671,
        -0.21852821]]) 

Gen: 77 Fitness: 43.93462276958546 Weights: array([[ 0.0477736 ,  0.23214769,  0.18549942, -0.07410026,  0.04989082,
        -0.47823761],
       [ 0.45713713, -0.38864912, -0.37639951,  0.23184164,  0.14764934,
        -0.12811421],
       [ 0.10863121,  0.24169894,  0.45206435,  0.47025615, -0.3476578 ,
         0.19545917],
       [-0.0335671 ,  0.00860998, -0.12898685,  0.27324346,  0.12539617,
         0.27853354],
       [ 0.44889856, -0.27482796,  0.11722813,  0.06674705, -0.07285306,
         0.47616607],
       [ 0.41724921,  0.41732108,  0.36615511, -0.07813106,  0.20647671,
        -0.20852821]]) 

Gen: 90 Fitness: 47.45749947362344 Weights: array([[ 0.0377736 ,  0.22214769,  0.17549942, -0.08410026,  0.03989082,
        -0.48823761],
       [ 0.45713713, -0.38864912, -0.37639951,  0.23184164,  0.14764934,
        -0.12811421],
       [ 0.08863121,  0.22169894,  0.43206435,  0.45025615, -0.3676578 ,
         0.17545917],
       [-0.0235671 ,  0.01860998, -0.11898685,  0.28324346,  0.13539617,
         0.28853354],
       [ 0.45889856, -0.26482796,  0.12722813,  0.07674705, -0.06285306,
         0.48616607],
       [ 0.41724921,  0.41732108,  0.36615511, -0.07813106,  0.20647671,
        -0.20852821]]) 

Gen: 100 Fitness: 49.29249003545913 Weights: array([[ 0.0477736 ,  0.23214769,  0.18549942, -0.07410026,  0.04989082,
        -0.47823761],
       [ 0.44713713, -0.39864912, -0.38639951,  0.22184164,  0.13764934,
        -0.13811421],
       [ 0.09863121,  0.23169894,  0.44206435,  0.46025615, -0.3576578 ,
         0.18545917],
       [-0.0435671 , -0.00139002, -0.13898685,  0.26324346,  0.11539617,
         0.26853354],
       [ 0.46889856, -0.25482796,  0.13722813,  0.08674705, -0.05285306,
         0.49616607],
       [ 0.42724921,  0.42732108,  0.37615511, -0.06813106,  0.21647671,
        -0.19852821]]) 

Gen: 133 Fitness: 56.53791067366313 Weights: array([[ 0.0177736 ,  0.20214769,  0.15549942, -0.10410026,  0.01989082,
        -0.50823761],
       [ 0.44713713, -0.39864912, -0.38639951,  0.22184164,  0.13764934,
        -0.13811421],
       [ 0.08863121,  0.22169894,  0.43206435,  0.45025615, -0.3676578 ,
         0.17545917],
       [-0.0335671 ,  0.00860998, -0.12898685,  0.27324346,  0.12539617,
         0.27853354],
       [ 0.45889856, -0.26482796,  0.12722813,  0.07674705, -0.06285306,
         0.48616607],
       [ 0.43724921,  0.43732108,  0.38615511, -0.05813106,  0.22647671,
        -0.18852821]]) 

Gen: 193 Fitness: 56.96762112690789 Weights: array([[ 0.0177736 ,  0.20214769,  0.15549942, -0.10410026,  0.01989082,
        -0.50823761],
       [ 0.45713713, -0.38864912, -0.37639951,  0.23184164,  0.14764934,
        -0.12811421],
       [ 0.07863121,  0.21169894,  0.42206435,  0.44025615, -0.3776578 ,
         0.16545917],
       [-0.0235671 ,  0.01860998, -0.11898685,  0.28324346,  0.13539617,
         0.28853354],
       [ 0.44889856, -0.27482796,  0.11722813,  0.06674705, -0.07285306,
         0.47616607],
       [ 0.44724921,  0.44732108,  0.39615511, -0.04813106,  0.23647671,
        -0.17852821]]) 

Gen: 259 Fitness: 59.05561385638475 Weights: array([[-0.0222264 ,  0.16214769,  0.11549942, -0.14410026, -0.02010918,
        -0.54823761],
       [ 0.39713713, -0.44864912, -0.43639951,  0.17184164,  0.08764934,
        -0.18811421],
       [ 0.04863121,  0.18169894,  0.39206435,  0.41025615, -0.4076578 ,
         0.13545917],
       [-0.0335671 ,  0.00860998, -0.12898685,  0.27324346,  0.12539617,
         0.27853354],
       [ 0.55889856, -0.16482796,  0.22722813,  0.17674705,  0.03714694,
         0.58616607],
       [ 0.42724921,  0.42732108,  0.37615511, -0.06813106,  0.21647671,
        -0.19852821]]) 

Gen: 321 Fitness: 63.722535803367734 Weights: array([[-0.0622264 ,  0.12214769,  0.07549942, -0.18410026, -0.06010918,
        -0.58823761],
       [ 0.39713713, -0.44864912, -0.43639951,  0.17184164,  0.08764934,
        -0.18811421],
       [ 0.06863121,  0.20169894,  0.41206435,  0.43025615, -0.3876578 ,
         0.15545917],
       [-0.0435671 , -0.00139002, -0.13898685,  0.26324346,  0.11539617,
         0.26853354],
       [ 0.55889856, -0.16482796,  0.22722813,  0.17674705,  0.03714694,
         0.58616607],
       [ 0.44724921,  0.44732108,  0.39615511, -0.04813106,  0.23647671,
        -0.17852821]]) 

Gen: 323 Fitness: 63.78886253355848 Weights: array([[-0.0322264 ,  0.15214769,  0.10549942, -0.15410026, -0.03010918,
        -0.55823761],
       [ 0.40713713, -0.43864912, -0.42639951,  0.18184164,  0.09764934,
        -0.17811421],
       [ 0.01863121,  0.15169894,  0.36206435,  0.38025615, -0.4376578 ,
         0.10545917],
       [-0.0435671 , -0.00139002, -0.13898685,  0.26324346,  0.11539617,
         0.26853354],
       [ 0.55889856, -0.16482796,  0.22722813,  0.17674705,  0.03714694,
         0.58616607],
       [ 0.46724921,  0.46732108,  0.41615511, -0.02813106,  0.25647671,
        -0.15852821]]) 

Gen: 336 Fitness: 67.59998941024055 Weights: array([[-0.0322264 ,  0.15214769,  0.10549942, -0.15410026, -0.03010918,
        -0.55823761],
       [ 0.39713713, -0.44864912, -0.43639951,  0.17184164,  0.08764934,
        -0.18811421],
       [ 0.01863121,  0.15169894,  0.36206435,  0.38025615, -0.4376578 ,
         0.10545917],
       [-0.0435671 , -0.00139002, -0.13898685,  0.26324346,  0.11539617,
         0.26853354],
       [ 0.56889856, -0.15482796,  0.23722813,  0.18674705,  0.04714694,
         0.59616607],
       [ 0.46724921,  0.46732108,  0.41615511, -0.02813106,  0.25647671,
        -0.15852821]]) 

Gen: 350 Fitness: 78.7549677074766 Weights: array([[-0.0522264 ,  0.13214769,  0.08549942, -0.17410026, -0.05010918,
        -0.57823761],
       [ 0.42713713, -0.41864912, -0.40639951,  0.20184164,  0.11764934,
        -0.15811421],
       [ 0.00863121,  0.14169894,  0.35206435,  0.37025615, -0.4476578 ,
         0.09545917],
       [-0.0335671 ,  0.00860998, -0.12898685,  0.27324346,  0.12539617,
         0.27853354],
       [ 0.56889856, -0.15482796,  0.23722813,  0.18674705,  0.04714694,
         0.59616607],
       [ 0.46724921,  0.46732108,  0.41615511, -0.02813106,  0.25647671,
        -0.15852821]]) 

Gen: 378 Fitness: 83.51132402046187 Weights: array([[-0.0522264 ,  0.13214769,  0.08549942, -0.17410026, -0.05010918,
        -0.57823761],
       [ 0.39713713, -0.44864912, -0.43639951,  0.17184164,  0.08764934,
        -0.18811421],
       [-0.02136879,  0.11169894,  0.32206435,  0.34025615, -0.4776578 ,
         0.06545917],
       [-0.0435671 , -0.00139002, -0.13898685,  0.26324346,  0.11539617,
         0.26853354],
       [ 0.58889856, -0.13482796,  0.25722813,  0.20674705,  0.06714694,
         0.61616607],
       [ 0.49724921,  0.49732108,  0.44615511,  0.00186894,  0.28647671,
        -0.12852821]]) 

Gen: 399 Fitness: 93.98403376400756 Weights: array([[-0.1022264 ,  0.08214769,  0.03549942, -0.22410026, -0.10010918,
        -0.62823761],
       [ 0.39713713, -0.44864912, -0.43639951,  0.17184164,  0.08764934,
        -0.18811421],
       [ 0.00863121,  0.14169894,  0.35206435,  0.37025615, -0.4476578 ,
         0.09545917],
       [-0.0135671 ,  0.02860998, -0.10898685,  0.29324346,  0.14539617,
         0.29853354],
       [ 0.56889856, -0.15482796,  0.23722813,  0.18674705,  0.04714694,
         0.59616607],
       [ 0.44724921,  0.44732108,  0.39615511, -0.04813106,  0.23647671,
        -0.17852821]]) 

Gen: 415 Fitness: 96.82949791885412 Weights: array([[-0.1222264 ,  0.06214769,  0.01549942, -0.24410026, -0.12010918,
        -0.64823761],
       [ 0.41713713, -0.42864912, -0.41639951,  0.19184164,  0.10764934,
        -0.16811421],
       [-0.02136879,  0.11169894,  0.32206435,  0.34025615, -0.4776578 ,
         0.06545917],
       [-0.0235671 ,  0.01860998, -0.11898685,  0.28324346,  0.13539617,
         0.28853354],
       [ 0.56889856, -0.15482796,  0.23722813,  0.18674705,  0.04714694,
         0.59616607],
       [ 0.49724921,  0.49732108,  0.44615511,  0.00186894,  0.28647671,
        -0.12852821]]) 

Gen: 416 Fitness: 99.70931829349749 Weights: array([[-0.0522264 ,  0.13214769,  0.08549942, -0.17410026, -0.05010918,
        -0.57823761],
       [ 0.40713713, -0.43864912, -0.42639951,  0.18184164,  0.09764934,
        -0.17811421],
       [-0.01136879,  0.12169894,  0.33206435,  0.35025615, -0.4676578 ,
         0.07545917],
       [-0.0335671 ,  0.00860998, -0.12898685,  0.27324346,  0.12539617,
         0.27853354],
       [ 0.60889856, -0.11482796,  0.27722813,  0.22674705,  0.08714694,
         0.63616607],
       [ 0.46724921,  0.46732108,  0.41615511, -0.02813106,  0.25647671,
        -0.15852821]]) 

Gen: 433 Fitness: 100.33190771789127 Weights: array([[-0.0922264 ,  0.09214769,  0.04549942, -0.21410026, -0.09010918,
        -0.61823761],
       [ 0.39713713, -0.44864912, -0.43639951,  0.17184164,  0.08764934,
        -0.18811421],
       [ 0.02863121,  0.16169894,  0.37206435,  0.39025615, -0.4276578 ,
         0.11545917],
       [-0.0435671 , -0.00139002, -0.13898685,  0.26324346,  0.11539617,
         0.26853354],
       [ 0.54889856, -0.17482796,  0.21722813,  0.16674705,  0.02714694,
         0.57616607],
       [ 0.47724921,  0.47732108,  0.42615511, -0.01813106,  0.26647671,
        -0.14852821]]) 

Gen: 563 Fitness: 102.35830295989693 Weights: array([[-0.1622264 ,  0.02214769, -0.02450058, -0.28410026, -0.16010918,
        -0.68823761],
       [ 0.38713713, -0.45864912, -0.44639951,  0.16184164,  0.07764934,
        -0.19811421],
       [-0.05136879,  0.08169894,  0.29206435,  0.31025615, -0.5076578 ,
         0.03545917],
       [ 0.0164329 ,  0.05860998, -0.07898685,  0.32324346,  0.17539617,
         0.32853354],
       [ 0.55889856, -0.16482796,  0.22722813,  0.17674705,  0.03714694,
         0.58616607],
       [ 0.51724921,  0.51732108,  0.46615511,  0.02186894,  0.30647671,
        -0.10852821]]) 

Gen: 578 Fitness: 106.62948619490606 Weights: array([[-0.1922264 , -0.00785231, -0.05450058, -0.31410026, -0.19010918,
        -0.71823761],
       [ 0.38713713, -0.45864912, -0.44639951,  0.16184164,  0.07764934,
        -0.19811421],
       [-0.08136879,  0.05169894,  0.26206435,  0.28025615, -0.5376578 ,
         0.00545917],
       [ 0.0464329 ,  0.08860998, -0.04898685,  0.35324346,  0.20539617,
         0.35853354],
       [ 0.55889856, -0.16482796,  0.22722813,  0.17674705,  0.03714694,
         0.58616607],
       [ 0.49724921,  0.49732108,  0.44615511,  0.00186894,  0.28647671,
        -0.12852821]]) 

Gen: 580 Fitness: 108.29503514893094 Weights: array([[-0.2022264 , -0.01785231, -0.06450058, -0.32410026, -0.20010918,
        -0.72823761],
       [ 0.37713713, -0.46864912, -0.45639951,  0.15184164,  0.06764934,
        -0.20811421],
       [-0.10136879,  0.03169894,  0.24206435,  0.26025615, -0.5576578 ,
        -0.01454083],
       [ 0.0464329 ,  0.08860998, -0.04898685,  0.35324346,  0.20539617,
         0.35853354],
       [ 0.58889856, -0.13482796,  0.25722813,  0.20674705,  0.06714694,
         0.61616607],
       [ 0.50724921,  0.50732108,  0.45615511,  0.01186894,  0.29647671,
        -0.11852821]]) 

Gen: 603 Fitness: 108.52548784916243 Weights: array([[-0.2022264 , -0.01785231, -0.06450058, -0.32410026, -0.20010918,
        -0.72823761],
       [ 0.38713713, -0.45864912, -0.44639951,  0.16184164,  0.07764934,
        -0.19811421],
       [-0.09136879,  0.04169894,  0.25206435,  0.27025615, -0.5476578 ,
        -0.00454083],
       [ 0.0564329 ,  0.09860998, -0.03898685,  0.36324346,  0.21539617,
         0.36853354],
       [ 0.54889856, -0.17482796,  0.21722813,  0.16674705,  0.02714694,
         0.57616607],
       [ 0.48724921,  0.48732108,  0.43615511, -0.00813106,  0.27647671,
        -0.13852821]]) 

Gen: 606 Fitness: 122.60240119560979 Weights: array([[-0.2122264 , -0.02785231, -0.07450058, -0.33410026, -0.21010918,
        -0.73823761],
       [ 0.37713713, -0.46864912, -0.45639951,  0.15184164,  0.06764934,
        -0.20811421],
       [-0.10136879,  0.03169894,  0.24206435,  0.26025615, -0.5576578 ,
        -0.01454083],
       [ 0.0464329 ,  0.08860998, -0.04898685,  0.35324346,  0.20539617,
         0.35853354],
       [ 0.56889856, -0.15482796,  0.23722813,  0.18674705,  0.04714694,
         0.59616607],
       [ 0.50724921,  0.50732108,  0.45615511,  0.01186894,  0.29647671,
        -0.11852821]]) 

Gen: 658 Fitness: 132.7019875738658 Weights: array([[-0.2522264 , -0.06785231, -0.11450058, -0.37410026, -0.25010918,
        -0.77823761],
       [ 0.38713713, -0.45864912, -0.44639951,  0.16184164,  0.07764934,
        -0.19811421],
       [-0.11136879,  0.02169894,  0.23206435,  0.25025615, -0.5676578 ,
        -0.02454083],
       [ 0.0764329 ,  0.11860998, -0.01898685,  0.38324346,  0.23539617,
         0.38853354],
       [ 0.52889856, -0.19482796,  0.19722813,  0.14674705,  0.00714694,
         0.55616607],
       [ 0.48724921,  0.48732108,  0.43615511, -0.00813106,  0.27647671,
        -0.13852821]]) 

