
-------------------------------------------------------------------------------------------------------
                                --- Method Parameters ---                                            
-------------------------------------------------------------------------------------------------------

method: Microbial, sim_duration: 10, fitness_func: Fitness_Day3, pop_size: 10, gen_size: 100, weight_search: 0.5, 

=======================================================================================================

Gen: 0 Fitness: -15822.67375358513 Weights: array([[ 0.04333456, -0.17161635, -0.23691621, -0.38428308,  0.36122686,
         0.15760949],
       [-0.26776362, -0.28377262, -0.19397039,  0.05117003, -0.45469207,
         0.11085726],
       [ 0.44411865,  0.02717076, -0.24212112, -0.07782272,  0.41483104,
        -0.10571735],
       [ 0.46764865,  0.31017468, -0.28260269,  0.15148205, -0.0358942 ,
        -0.14843922],
       [ 0.22509099,  0.04532274,  0.0607445 ,  0.14894338, -0.09167031,
         0.01056776],
       [ 0.13797175, -0.15701472,  0.31199923,  0.31581598,  0.18609858,
         0.12677783]]) 

Gen: 8 Fitness: -14190.1685744495 Weights: array([[ 0.04333456, -0.17161635, -0.23691621, -0.38428308,  0.36122686,
         0.15760949],
       [-0.40876108, -0.02895091,  0.18508667, -0.05295424,  0.19483569,
         0.04712807],
       [ 0.46411865,  0.04717076, -0.22212112, -0.05782272,  0.43483104,
        -0.08571735],
       [-0.4230504 ,  0.33029016,  0.12091565,  0.14502658, -0.36133223,
         0.27381878],
       [ 0.15653093,  0.44391261, -0.35846823,  0.44426406,  0.37223717,
         0.01162276],
       [ 0.42642327,  0.13284892,  0.02198317,  0.49501776,  0.1528623 ,
         0.09791013]]) 

Gen: 11 Fitness: -13091.595658215567 Weights: array([[ 0.43791415,  0.13679736, -0.00798585,  0.11209671,  0.21733982,
        -0.46254744],
       [-0.39876108, -0.01895091,  0.19508667, -0.04295424,  0.20483569,
         0.05712807],
       [ 0.38574963, -0.28781397,  0.3951286 , -0.17343933, -0.03049003,
        -0.37078567],
       [ 0.46764865,  0.31017468, -0.28260269,  0.15148205, -0.0358942 ,
        -0.14843922],
       [ 0.16653093,  0.45391261, -0.34846823,  0.45426406,  0.38223717,
         0.02162276],
       [ 0.45642327,  0.16284892,  0.05198317,  0.52501776,  0.1828623 ,
         0.12791013]]) 

Gen: 16 Fitness: -12350.575631644373 Weights: array([[ 0.40791415,  0.10679736, -0.03798585,  0.08209671,  0.18733982,
        -0.49254744],
       [ 0.33046969,  0.49426667, -0.30638375,  0.2456524 ,  0.08617106,
        -0.24838387],
       [ 0.39574963, -0.27781397,  0.4051286 , -0.16343933, -0.02049003,
        -0.36078567],
       [ 0.47764865,  0.32017468, -0.27260269,  0.16148205, -0.0258942 ,
        -0.13843922],
       [ 0.16653093,  0.45391261, -0.34846823,  0.45426406,  0.38223717,
         0.02162276],
       [ 0.42642327,  0.13284892,  0.02198317,  0.49501776,  0.1528623 ,
         0.09791013]]) 

Gen: 22 Fitness: -11786.401131576686 Weights: array([[ 0.38791415,  0.08679736, -0.05798585,  0.06209671,  0.16733982,
        -0.51254744],
       [ 0.32046969,  0.48426667, -0.31638375,  0.2356524 ,  0.07617106,
        -0.25838387],
       [ 0.40574963, -0.26781397,  0.4151286 , -0.15343933, -0.01049003,
        -0.35078567],
       [ 0.49764865,  0.34017468, -0.25260269,  0.18148205, -0.0058942 ,
        -0.11843922],
       [ 0.16653093,  0.45391261, -0.34846823,  0.45426406,  0.38223717,
         0.02162276],
       [ 0.42642327,  0.13284892,  0.02198317,  0.49501776,  0.1528623 ,
         0.09791013]]) 

Gen: 23 Fitness: -11497.4395372885 Weights: array([[ 0.37791415,  0.07679736, -0.06798585,  0.05209671,  0.15733982,
        -0.52254744],
       [ 0.32046969,  0.48426667, -0.31638375,  0.2356524 ,  0.07617106,
        -0.25838387],
       [ 0.40574963, -0.26781397,  0.4151286 , -0.15343933, -0.01049003,
        -0.35078567],
       [ 0.49764865,  0.34017468, -0.25260269,  0.18148205, -0.0058942 ,
        -0.11843922],
       [ 0.16653093,  0.45391261, -0.34846823,  0.45426406,  0.38223717,
         0.02162276],
       [ 0.41642327,  0.12284892,  0.01198317,  0.48501776,  0.1428623 ,
         0.08791013]]) 

Gen: 24 Fitness: -11439.94170355462 Weights: array([[ 0.41791415,  0.11679736, -0.02798585,  0.09209671,  0.19733982,
        -0.48254744],
       [ 0.33046969,  0.49426667, -0.30638375,  0.2456524 ,  0.08617106,
        -0.24838387],
       [ 0.39574963, -0.27781397,  0.4051286 , -0.16343933, -0.02049003,
        -0.36078567],
       [ 0.47764865,  0.32017468, -0.27260269,  0.16148205, -0.0258942 ,
        -0.13843922],
       [ 0.17653093,  0.46391261, -0.33846823,  0.46426406,  0.39223717,
         0.03162276],
       [ 0.45642327,  0.16284892,  0.05198317,  0.52501776,  0.1828623 ,
         0.12791013]]) 

Gen: 25 Fitness: -11336.84933499796 Weights: array([[ 0.37791415,  0.07679736, -0.06798585,  0.05209671,  0.15733982,
        -0.52254744],
       [ 0.32046969,  0.48426667, -0.31638375,  0.2356524 ,  0.07617106,
        -0.25838387],
       [ 0.39574963, -0.27781397,  0.4051286 , -0.16343933, -0.02049003,
        -0.36078567],
       [ 0.46764865,  0.31017468, -0.28260269,  0.15148205, -0.0358942 ,
        -0.14843922],
       [ 0.15653093,  0.44391261, -0.35846823,  0.44426406,  0.37223717,
         0.01162276],
       [ 0.42642327,  0.13284892,  0.02198317,  0.49501776,  0.1528623 ,
         0.09791013]]) 

Gen: 26 Fitness: -11245.682657263176 Weights: array([[ 3.87914152e-01,  8.67973611e-02, -5.79858497e-02,
         6.20967125e-02,  1.67339824e-01, -5.12547443e-01],
       [ 3.20469688e-01,  4.84266665e-01, -3.16383751e-01,
         2.35652399e-01,  7.61710643e-02, -2.58383872e-01],
       [ 4.15749630e-01, -2.57813973e-01,  4.25128601e-01,
        -1.43439331e-01, -4.90029398e-04, -3.40785671e-01],
       [ 4.57648650e-01,  3.00174680e-01, -2.92602693e-01,
         1.41482051e-01, -4.58942047e-02, -1.58439218e-01],
       [ 1.66530925e-01,  4.53912607e-01, -3.48468226e-01,
         4.54264061e-01,  3.82237168e-01,  2.16227551e-02],
       [ 4.06423273e-01,  1.12848918e-01,  1.98317361e-03,
         4.75017762e-01,  1.32862300e-01,  7.79101343e-02]]) 

Gen: 27 Fitness: -11237.97400851596 Weights: array([[ 0.43791415,  0.13679736, -0.00798585,  0.11209671,  0.21733982,
        -0.46254744],
       [ 0.31046969,  0.47426667, -0.32638375,  0.2256524 ,  0.06617106,
        -0.26838387],
       [ 0.42574963, -0.24781397,  0.4351286 , -0.13343933,  0.00950997,
        -0.33078567],
       [ 0.46764865,  0.31017468, -0.28260269,  0.15148205, -0.0358942 ,
        -0.14843922],
       [ 0.16653093,  0.45391261, -0.34846823,  0.45426406,  0.38223717,
         0.02162276],
       [ 0.42642327,  0.13284892,  0.02198317,  0.49501776,  0.1528623 ,
         0.09791013]]) 

Gen: 28 Fitness: -10982.616947747858 Weights: array([[ 0.43791415,  0.13679736, -0.00798585,  0.11209671,  0.21733982,
        -0.46254744],
       [ 0.32046969,  0.48426667, -0.31638375,  0.2356524 ,  0.07617106,
        -0.25838387],
       [ 0.43574963, -0.23781397,  0.4451286 , -0.12343933,  0.01950997,
        -0.32078567],
       [ 0.47764865,  0.32017468, -0.27260269,  0.16148205, -0.0258942 ,
        -0.13843922],
       [ 0.15653093,  0.44391261, -0.35846823,  0.44426406,  0.37223717,
         0.01162276],
       [ 0.42642327,  0.13284892,  0.02198317,  0.49501776,  0.1528623 ,
         0.09791013]]) 

Gen: 29 Fitness: -10960.48525877633 Weights: array([[ 0.42791415,  0.12679736, -0.01798585,  0.10209671,  0.20733982,
        -0.47254744],
       [ 0.32046969,  0.48426667, -0.31638375,  0.2356524 ,  0.07617106,
        -0.25838387],
       [ 0.43574963, -0.23781397,  0.4451286 , -0.12343933,  0.01950997,
        -0.32078567],
       [ 0.45764865,  0.30017468, -0.29260269,  0.14148205, -0.0458942 ,
        -0.15843922],
       [ 0.17653093,  0.46391261, -0.33846823,  0.46426406,  0.39223717,
         0.03162276],
       [ 0.42642327,  0.13284892,  0.02198317,  0.49501776,  0.1528623 ,
         0.09791013]]) 

Gen: 31 Fitness: -10898.465014053434 Weights: array([[ 0.42791415,  0.12679736, -0.01798585,  0.10209671,  0.20733982,
        -0.47254744],
       [ 0.31046969,  0.47426667, -0.32638375,  0.2256524 ,  0.06617106,
        -0.26838387],
       [ 0.44574963, -0.22781397,  0.4551286 , -0.11343933,  0.02950997,
        -0.31078567],
       [ 0.47764865,  0.32017468, -0.27260269,  0.16148205, -0.0258942 ,
        -0.13843922],
       [ 0.16653093,  0.45391261, -0.34846823,  0.45426406,  0.38223717,
         0.02162276],
       [ 0.41642327,  0.12284892,  0.01198317,  0.48501776,  0.1428623 ,
         0.08791013]]) 

Gen: 33 Fitness: -10857.871391236491 Weights: array([[ 0.42791415,  0.12679736, -0.01798585,  0.10209671,  0.20733982,
        -0.47254744],
       [ 0.30046969,  0.46426667, -0.33638375,  0.2156524 ,  0.05617106,
        -0.27838387],
       [ 0.45574963, -0.21781397,  0.4651286 , -0.10343933,  0.03950997,
        -0.30078567],
       [ 0.45764865,  0.30017468, -0.29260269,  0.14148205, -0.0458942 ,
        -0.15843922],
       [ 0.15653093,  0.44391261, -0.35846823,  0.44426406,  0.37223717,
         0.01162276],
       [ 0.42642327,  0.13284892,  0.02198317,  0.49501776,  0.1528623 ,
         0.09791013]]) 

Gen: 34 Fitness: -10709.710498497454 Weights: array([[ 0.43791415,  0.13679736, -0.00798585,  0.11209671,  0.21733982,
        -0.46254744],
       [ 0.31046969,  0.47426667, -0.32638375,  0.2256524 ,  0.06617106,
        -0.26838387],
       [ 0.45574963, -0.21781397,  0.4651286 , -0.10343933,  0.03950997,
        -0.30078567],
       [ 0.45764865,  0.30017468, -0.29260269,  0.14148205, -0.0458942 ,
        -0.15843922],
       [ 0.19653093,  0.48391261, -0.31846823,  0.48426406,  0.41223717,
         0.05162276],
       [ 0.44642327,  0.15284892,  0.04198317,  0.51501776,  0.1728623 ,
         0.11791013]]) 

Gen: 42 Fitness: -10701.436950037178 Weights: array([[ 0.43791415,  0.13679736, -0.00798585,  0.11209671,  0.21733982,
        -0.46254744],
       [ 0.30046969,  0.46426667, -0.33638375,  0.2156524 ,  0.05617106,
        -0.27838387],
       [ 0.46574963, -0.20781397,  0.4751286 , -0.09343933,  0.04950997,
        -0.29078567],
       [ 0.45764865,  0.30017468, -0.29260269,  0.14148205, -0.0458942 ,
        -0.15843922],
       [ 0.18653093,  0.47391261, -0.32846823,  0.47426406,  0.40223717,
         0.04162276],
       [ 0.44642327,  0.15284892,  0.04198317,  0.51501776,  0.1728623 ,
         0.11791013]]) 

Gen: 43 Fitness: -10657.311307839815 Weights: array([[ 0.42791415,  0.12679736, -0.01798585,  0.10209671,  0.20733982,
        -0.47254744],
       [ 0.30046969,  0.46426667, -0.33638375,  0.2156524 ,  0.05617106,
        -0.27838387],
       [ 0.46574963, -0.20781397,  0.4751286 , -0.09343933,  0.04950997,
        -0.29078567],
       [ 0.44764865,  0.29017468, -0.30260269,  0.13148205, -0.0558942 ,
        -0.16843922],
       [ 0.18653093,  0.47391261, -0.32846823,  0.47426406,  0.40223717,
         0.04162276],
       [ 0.39642327,  0.10284892, -0.00801683,  0.46501776,  0.1228623 ,
         0.06791013]]) 

Gen: 53 Fitness: -10652.464895428227 Weights: array([[ 0.40791415,  0.10679736, -0.03798585,  0.08209671,  0.18733982,
        -0.49254744],
       [ 0.27046969,  0.43426667, -0.36638375,  0.1856524 ,  0.02617106,
        -0.30838387],
       [ 0.46574963, -0.20781397,  0.4751286 , -0.09343933,  0.04950997,
        -0.29078567],
       [ 0.45764865,  0.30017468, -0.29260269,  0.14148205, -0.0458942 ,
        -0.15843922],
       [ 0.16653093,  0.45391261, -0.34846823,  0.45426406,  0.38223717,
         0.02162276],
       [ 0.41642327,  0.12284892,  0.01198317,  0.48501776,  0.1428623 ,
         0.08791013]]) 

Gen: 54 Fitness: -10331.695815673957 Weights: array([[ 0.41791415,  0.11679736, -0.02798585,  0.09209671,  0.19733982,
        -0.48254744],
       [ 0.31046969,  0.47426667, -0.32638375,  0.2256524 ,  0.06617106,
        -0.26838387],
       [ 0.47574963, -0.19781397,  0.4851286 , -0.08343933,  0.05950997,
        -0.28078567],
       [ 0.45764865,  0.30017468, -0.29260269,  0.14148205, -0.0458942 ,
        -0.15843922],
       [ 0.18653093,  0.47391261, -0.32846823,  0.47426406,  0.40223717,
         0.04162276],
       [ 0.37642327,  0.08284892, -0.02801683,  0.44501776,  0.1028623 ,
         0.04791013]]) 

Gen: 65 Fitness: -10327.853086368717 Weights: array([[ 0.43791415,  0.13679736, -0.00798585,  0.11209671,  0.21733982,
        -0.46254744],
       [ 0.29046969,  0.45426667, -0.34638375,  0.2056524 ,  0.04617106,
        -0.28838387],
       [ 0.48574963, -0.18781397,  0.4951286 , -0.07343933,  0.06950997,
        -0.27078567],
       [ 0.42764865,  0.27017468, -0.32260269,  0.11148205, -0.0758942 ,
        -0.18843922],
       [ 0.16653093,  0.45391261, -0.34846823,  0.45426406,  0.38223717,
         0.02162276],
       [ 0.40642327,  0.11284892,  0.00198317,  0.47501776,  0.1328623 ,
         0.07791013]]) 

Gen: 81 Fitness: -10319.917730816915 Weights: array([[ 0.43791415,  0.13679736, -0.00798585,  0.11209671,  0.21733982,
        -0.46254744],
       [ 0.28046969,  0.44426667, -0.35638375,  0.1956524 ,  0.03617106,
        -0.29838387],
       [ 0.49574963, -0.17781397,  0.5051286 , -0.06343933,  0.07950997,
        -0.26078567],
       [ 0.47764865,  0.32017468, -0.27260269,  0.16148205, -0.0258942 ,
        -0.13843922],
       [ 0.16653093,  0.45391261, -0.34846823,  0.45426406,  0.38223717,
         0.02162276],
       [ 0.38642327,  0.09284892, -0.01801683,  0.45501776,  0.1128623 ,
         0.05791013]]) 

Gen: 82 Fitness: -10272.74325110403 Weights: array([[ 0.44791415,  0.14679736,  0.00201415,  0.12209671,  0.22733982,
        -0.45254744],
       [ 0.30046969,  0.46426667, -0.33638375,  0.2156524 ,  0.05617106,
        -0.27838387],
       [ 0.52574963, -0.14781397,  0.5351286 , -0.03343933,  0.10950997,
        -0.23078567],
       [ 0.45764865,  0.30017468, -0.29260269,  0.14148205, -0.0458942 ,
        -0.15843922],
       [ 0.13653093,  0.42391261, -0.37846823,  0.42426406,  0.35223717,
        -0.00837724],
       [ 0.37642327,  0.08284892, -0.02801683,  0.44501776,  0.1028623 ,
         0.04791013]]) 

Gen: 84 Fitness: -10182.669688933425 Weights: array([[ 0.43791415,  0.13679736, -0.00798585,  0.11209671,  0.21733982,
        -0.46254744],
       [ 0.28046969,  0.44426667, -0.35638375,  0.1956524 ,  0.03617106,
        -0.29838387],
       [ 0.49574963, -0.17781397,  0.5051286 , -0.06343933,  0.07950997,
        -0.26078567],
       [ 0.42764865,  0.27017468, -0.32260269,  0.11148205, -0.0758942 ,
        -0.18843922],
       [ 0.17653093,  0.46391261, -0.33846823,  0.46426406,  0.39223717,
         0.03162276],
       [ 0.39642327,  0.10284892, -0.00801683,  0.46501776,  0.1228623 ,
         0.06791013]]) 

Gen: 86 Fitness: -10106.534285049811 Weights: array([[ 0.44791415,  0.14679736,  0.00201415,  0.12209671,  0.22733982,
        -0.45254744],
       [ 0.29046969,  0.45426667, -0.34638375,  0.2056524 ,  0.04617106,
        -0.28838387],
       [ 0.50574963, -0.16781397,  0.5151286 , -0.05343933,  0.08950997,
        -0.25078567],
       [ 0.41764865,  0.26017468, -0.33260269,  0.10148205, -0.0858942 ,
        -0.19843922],
       [ 0.17653093,  0.46391261, -0.33846823,  0.46426406,  0.39223717,
         0.03162276],
       [ 0.39642327,  0.10284892, -0.00801683,  0.46501776,  0.1228623 ,
         0.06791013]]) 

Gen: 89 Fitness: -10069.695646079459 Weights: array([[ 0.44791415,  0.14679736,  0.00201415,  0.12209671,  0.22733982,
        -0.45254744],
       [ 0.29046969,  0.45426667, -0.34638375,  0.2056524 ,  0.04617106,
        -0.28838387],
       [ 0.49574963, -0.17781397,  0.5051286 , -0.06343933,  0.07950997,
        -0.26078567],
       [ 0.41764865,  0.26017468, -0.33260269,  0.10148205, -0.0858942 ,
        -0.19843922],
       [ 0.17653093,  0.46391261, -0.33846823,  0.46426406,  0.39223717,
         0.03162276],
       [ 0.40642327,  0.11284892,  0.00198317,  0.47501776,  0.1328623 ,
         0.07791013]]) 

Gen: 95 Fitness: -9833.993979236307 Weights: array([[ 0.44791415,  0.14679736,  0.00201415,  0.12209671,  0.22733982,
        -0.45254744],
       [ 0.29046969,  0.45426667, -0.34638375,  0.2056524 ,  0.04617106,
        -0.28838387],
       [ 0.50574963, -0.16781397,  0.5151286 , -0.05343933,  0.08950997,
        -0.25078567],
       [ 0.39764865,  0.24017468, -0.35260269,  0.08148205, -0.1058942 ,
        -0.21843922],
       [ 0.18653093,  0.47391261, -0.32846823,  0.47426406,  0.40223717,
         0.04162276],
       [ 0.41642327,  0.12284892,  0.01198317,  0.48501776,  0.1428623 ,
         0.08791013]]) 


Generations: 100 Fitness: -9833.993979236307 
