
-------------------------------------------------------------------------------------------------------
                                --- Method Parameters ---                                            
-------------------------------------------------------------------------------------------------------

method: Microbial, sim_duration: 10, fitness_func: Fitness_Day3, pop_size: 10, gen_size: 100, weight_search: 0.5, 

=======================================================================================================

Gen: 0 Fitness: -19780.697095982545 Weights: array([[-0.1202534 , -0.07120315,  0.35646317,  0.13164313,  0.48827643,
         0.4737158 ],
       [ 0.43467621,  0.48311672, -0.1154993 , -0.00964839,  0.46838295,
         0.1175366 ],
       [-0.40072845, -0.06774043, -0.28177031,  0.06312282,  0.46676744,
         0.45553737],
       [ 0.28149928,  0.28080097,  0.34035212, -0.33384022,  0.06608415,
         0.30894007],
       [ 0.13866352,  0.0274602 ,  0.20909533,  0.36890536, -0.20624562,
         0.05615607],
       [-0.47390821, -0.36482358,  0.07175415,  0.27012199,  0.43380767,
         0.41029724]]) 

Gen: 1 Fitness: -14757.318342825805 Weights: array([[-0.30368147, -0.43602413,  0.29878018,  0.00585542,  0.23810422,
         0.13165884],
       [-0.35677642,  0.38948668,  0.30775672,  0.06700766, -0.39229105,
        -0.1552096 ],
       [ 0.06559541,  0.37155477, -0.03770079,  0.07654567, -0.28676024,
        -0.01644334],
       [ 0.31448061,  0.11417846, -0.07098201,  0.42666924,  0.43076306,
         0.39282203],
       [-0.17283621,  0.17130203,  0.26442537,  0.13910406,  0.48070874,
        -0.27927344],
       [ 0.02435507,  0.02940893,  0.30106934,  0.39592031, -0.06244081,
         0.4506385 ]]) 

Gen: 8 Fitness: -14731.324717263142 Weights: array([[-0.30368147, -0.43602413,  0.29878018,  0.00585542,  0.23810422,
         0.13165884],
       [ 0.43467621,  0.48311672, -0.1154993 , -0.00964839,  0.46838295,
         0.1175366 ],
       [-0.39072845, -0.05774043, -0.27177031,  0.07312282,  0.47676744,
         0.46553737],
       [ 0.28149928,  0.28080097,  0.34035212, -0.33384022,  0.06608415,
         0.30894007],
       [-0.34905986,  0.25639568,  0.43692917,  0.25181667,  0.08462572,
        -0.51730139],
       [-0.48390821, -0.37482358,  0.06175415,  0.26012199,  0.42380767,
         0.40029724]]) 

Gen: 10 Fitness: -12862.628392917688 Weights: array([[-2.93681473e-01, -4.26024126e-01,  3.08780180e-01,
         1.58554218e-02,  2.48104222e-01,  1.41658837e-01],
       [ 4.44676210e-01,  4.93116721e-01, -1.05499302e-01,
         3.51613875e-04,  4.78382947e-01,  1.27536600e-01],
       [ 6.55954127e-02,  3.71554774e-01, -3.77007932e-02,
         7.65456694e-02, -2.86760244e-01, -1.64433374e-02],
       [ 2.81499284e-01,  2.80800972e-01,  3.40352124e-01,
        -3.33840218e-01,  6.60841508e-02,  3.08940068e-01],
       [-3.59059857e-01,  2.46395679e-01,  4.26929170e-01,
         2.41816670e-01,  7.46257247e-02, -5.27301392e-01],
       [-4.93908208e-01, -3.84823580e-01,  5.17541454e-02,
         2.50121992e-01,  4.13807672e-01,  3.90297238e-01]]) 

Gen: 11 Fitness: -12559.918290932192 Weights: array([[-0.31368147, -0.44602413,  0.28878018, -0.00414458,  0.22810422,
         0.12165884],
       [ 0.43467621,  0.48311672, -0.1154993 , -0.00964839,  0.46838295,
         0.1175366 ],
       [ 0.08559541,  0.39155477, -0.01770079,  0.09654567, -0.26676024,
         0.00355666],
       [ 0.29149928,  0.29080097,  0.35035212, -0.32384022,  0.07608415,
         0.31894007],
       [-0.33905986,  0.26639568,  0.44692917,  0.26181667,  0.09462572,
        -0.50730139],
       [-0.48390821, -0.37482358,  0.06175415,  0.26012199,  0.42380767,
         0.40029724]]) 

Gen: 13 Fitness: -12472.27990007662 Weights: array([[-3.03681473e-01, -4.36024126e-01,  2.98780180e-01,
         5.85542182e-03,  2.38104222e-01,  1.31658837e-01],
       [ 4.44676210e-01,  4.93116721e-01, -1.05499302e-01,
         3.51613875e-04,  4.78382947e-01,  1.27536600e-01],
       [ 7.55954127e-02,  3.81554774e-01, -2.77007932e-02,
         8.65456694e-02, -2.76760244e-01, -6.44333744e-03],
       [ 2.91499284e-01,  2.90800972e-01,  3.50352124e-01,
        -3.23840218e-01,  7.60841508e-02,  3.18940068e-01],
       [-3.69059857e-01,  2.36395679e-01,  4.16929170e-01,
         2.31816670e-01,  6.46257247e-02, -5.37301392e-01],
       [-4.83908208e-01, -3.74823580e-01,  6.17541454e-02,
         2.60121992e-01,  4.23807672e-01,  4.00297238e-01]]) 

Gen: 17 Fitness: -12401.245218701779 Weights: array([[-3.03681473e-01, -4.36024126e-01,  2.98780180e-01,
         5.85542182e-03,  2.38104222e-01,  1.31658837e-01],
       [ 4.44676210e-01,  4.93116721e-01, -1.05499302e-01,
         3.51613875e-04,  4.78382947e-01,  1.27536600e-01],
       [ 7.55954127e-02,  3.81554774e-01, -2.77007932e-02,
         8.65456694e-02, -2.76760244e-01, -6.44333744e-03],
       [ 2.91499284e-01,  2.90800972e-01,  3.50352124e-01,
        -3.23840218e-01,  7.60841508e-02,  3.18940068e-01],
       [-3.39059857e-01,  2.66395679e-01,  4.46929170e-01,
         2.61816670e-01,  9.46257247e-02, -5.07301392e-01],
       [-4.83908208e-01, -3.74823580e-01,  6.17541454e-02,
         2.60121992e-01,  4.23807672e-01,  4.00297238e-01]]) 

Gen: 18 Fitness: -11060.92991681241 Weights: array([[-0.1102534 , -0.06120315,  0.36646317,  0.14164313,  0.49827643,
         0.4837158 ],
       [-0.33677642,  0.40948668,  0.32775672,  0.08700766, -0.37229105,
        -0.1352096 ],
       [ 0.05559541,  0.36155477, -0.04770079,  0.06654567, -0.29676024,
        -0.02644334],
       [ 0.28149928,  0.28080097,  0.34035212, -0.33384022,  0.06608415,
         0.30894007],
       [-0.17283621,  0.17130203,  0.26442537,  0.13910406,  0.48070874,
        -0.27927344],
       [-0.47390821, -0.36482358,  0.07175415,  0.27012199,  0.43380767,
         0.41029724]]) 

Gen: 21 Fitness: -11006.547896737815 Weights: array([[-0.1102534 , -0.06120315,  0.36646317,  0.14164313,  0.49827643,
         0.4837158 ],
       [-0.33677642,  0.40948668,  0.32775672,  0.08700766, -0.37229105,
        -0.1352096 ],
       [ 0.08559541,  0.39155477, -0.01770079,  0.09654567, -0.26676024,
         0.00355666],
       [ 0.28149928,  0.28080097,  0.34035212, -0.33384022,  0.06608415,
         0.30894007],
       [-0.17283621,  0.17130203,  0.26442537,  0.13910406,  0.48070874,
        -0.27927344],
       [-0.46390821, -0.35482358,  0.08175415,  0.28012199,  0.44380767,
         0.42029724]]) 

Gen: 28 Fitness: -10990.476670134178 Weights: array([[-0.1102534 , -0.06120315,  0.36646317,  0.14164313,  0.49827643,
         0.4837158 ],
       [-0.33677642,  0.40948668,  0.32775672,  0.08700766, -0.37229105,
        -0.1352096 ],
       [ 0.09559541,  0.40155477, -0.00770079,  0.10654567, -0.25676024,
         0.01355666],
       [ 0.28149928,  0.28080097,  0.34035212, -0.33384022,  0.06608415,
         0.30894007],
       [-0.17283621,  0.17130203,  0.26442537,  0.13910406,  0.48070874,
        -0.27927344],
       [-0.48390821, -0.37482358,  0.06175415,  0.26012199,  0.42380767,
         0.40029724]]) 

Gen: 30 Fitness: -10907.833131544432 Weights: array([[-0.0902534 , -0.04120315,  0.38646317,  0.16164313,  0.51827643,
         0.5037158 ],
       [-0.33677642,  0.40948668,  0.32775672,  0.08700766, -0.37229105,
        -0.1352096 ],
       [ 0.09559541,  0.40155477, -0.00770079,  0.10654567, -0.25676024,
         0.01355666],
       [ 0.28149928,  0.28080097,  0.34035212, -0.33384022,  0.06608415,
         0.30894007],
       [-0.16283621,  0.18130203,  0.27442537,  0.14910406,  0.49070874,
        -0.26927344],
       [-0.46390821, -0.35482358,  0.08175415,  0.28012199,  0.44380767,
         0.42029724]]) 

Gen: 34 Fitness: -10903.393810044354 Weights: array([[-0.0802534 , -0.03120315,  0.39646317,  0.17164313,  0.52827643,
         0.5137158 ],
       [-0.32677642,  0.41948668,  0.33775672,  0.09700766, -0.36229105,
        -0.1252096 ],
       [ 0.09559541,  0.40155477, -0.00770079,  0.10654567, -0.25676024,
         0.01355666],
       [ 0.28149928,  0.28080097,  0.34035212, -0.33384022,  0.06608415,
         0.30894007],
       [-0.16283621,  0.18130203,  0.27442537,  0.14910406,  0.49070874,
        -0.26927344],
       [-0.45390821, -0.34482358,  0.09175415,  0.29012199,  0.45380767,
         0.43029724]]) 

Gen: 35 Fitness: -10900.035350015865 Weights: array([[-0.0902534 , -0.04120315,  0.38646317,  0.16164313,  0.51827643,
         0.5037158 ],
       [-0.32677642,  0.41948668,  0.33775672,  0.09700766, -0.36229105,
        -0.1252096 ],
       [ 0.06559541,  0.37155477, -0.03770079,  0.07654567, -0.28676024,
        -0.01644334],
       [ 0.27149928,  0.27080097,  0.33035212, -0.34384022,  0.05608415,
         0.29894007],
       [-0.18283621,  0.16130203,  0.25442537,  0.12910406,  0.47070874,
        -0.28927344],
       [-0.46390821, -0.35482358,  0.08175415,  0.28012199,  0.44380767,
         0.42029724]]) 

Gen: 36 Fitness: -10710.46730904752 Weights: array([[-0.0702534 , -0.02120315,  0.40646317,  0.18164313,  0.53827643,
         0.5237158 ],
       [-0.33677642,  0.40948668,  0.32775672,  0.08700766, -0.37229105,
        -0.1352096 ],
       [ 0.09559541,  0.40155477, -0.00770079,  0.10654567, -0.25676024,
         0.01355666],
       [ 0.27149928,  0.27080097,  0.33035212, -0.34384022,  0.05608415,
         0.29894007],
       [-0.16283621,  0.18130203,  0.27442537,  0.14910406,  0.49070874,
        -0.26927344],
       [-0.45390821, -0.34482358,  0.09175415,  0.29012199,  0.45380767,
         0.43029724]]) 

Gen: 38 Fitness: -10675.20976662793 Weights: array([[-0.0802534 , -0.03120315,  0.39646317,  0.17164313,  0.52827643,
         0.5137158 ],
       [-0.34677642,  0.39948668,  0.31775672,  0.07700766, -0.38229105,
        -0.1452096 ],
       [ 0.10559541,  0.41155477,  0.00229921,  0.11654567, -0.24676024,
         0.02355666],
       [ 0.27149928,  0.27080097,  0.33035212, -0.34384022,  0.05608415,
         0.29894007],
       [-0.16283621,  0.18130203,  0.27442537,  0.14910406,  0.49070874,
        -0.26927344],
       [-0.46390821, -0.35482358,  0.08175415,  0.28012199,  0.44380767,
         0.42029724]]) 

Gen: 47 Fitness: -10659.079337191137 Weights: array([[-0.0702534 , -0.02120315,  0.40646317,  0.18164313,  0.53827643,
         0.5237158 ],
       [-0.34677642,  0.39948668,  0.31775672,  0.07700766, -0.38229105,
        -0.1452096 ],
       [ 0.11559541,  0.42155477,  0.01229921,  0.12654567, -0.23676024,
         0.03355666],
       [ 0.27149928,  0.27080097,  0.33035212, -0.34384022,  0.05608415,
         0.29894007],
       [-0.16283621,  0.18130203,  0.27442537,  0.14910406,  0.49070874,
        -0.26927344],
       [-0.45390821, -0.34482358,  0.09175415,  0.29012199,  0.45380767,
         0.43029724]]) 

Gen: 51 Fitness: -10657.497366095891 Weights: array([[-0.0602534 , -0.01120315,  0.41646317,  0.19164313,  0.54827643,
         0.5337158 ],
       [-0.34677642,  0.39948668,  0.31775672,  0.07700766, -0.38229105,
        -0.1452096 ],
       [ 0.10559541,  0.41155477,  0.00229921,  0.11654567, -0.24676024,
         0.02355666],
       [ 0.27149928,  0.27080097,  0.33035212, -0.34384022,  0.05608415,
         0.29894007],
       [-0.16283621,  0.18130203,  0.27442537,  0.14910406,  0.49070874,
        -0.26927344],
       [-0.45390821, -0.34482358,  0.09175415,  0.29012199,  0.45380767,
         0.43029724]]) 

Gen: 52 Fitness: -10629.38587757997 Weights: array([[-0.0602534 , -0.01120315,  0.41646317,  0.19164313,  0.54827643,
         0.5337158 ],
       [-0.33677642,  0.40948668,  0.32775672,  0.08700766, -0.37229105,
        -0.1352096 ],
       [ 0.11559541,  0.42155477,  0.01229921,  0.12654567, -0.23676024,
         0.03355666],
       [ 0.27149928,  0.27080097,  0.33035212, -0.34384022,  0.05608415,
         0.29894007],
       [-0.17283621,  0.17130203,  0.26442537,  0.13910406,  0.48070874,
        -0.27927344],
       [-0.45390821, -0.34482358,  0.09175415,  0.29012199,  0.45380767,
         0.43029724]]) 

Gen: 55 Fitness: -10589.558977799063 Weights: array([[-0.0602534 , -0.01120315,  0.41646317,  0.19164313,  0.54827643,
         0.5337158 ],
       [-0.33677642,  0.40948668,  0.32775672,  0.08700766, -0.37229105,
        -0.1352096 ],
       [ 0.12559541,  0.43155477,  0.02229921,  0.13654567, -0.22676024,
         0.04355666],
       [ 0.27149928,  0.27080097,  0.33035212, -0.34384022,  0.05608415,
         0.29894007],
       [-0.16283621,  0.18130203,  0.27442537,  0.14910406,  0.49070874,
        -0.26927344],
       [-0.49390821, -0.38482358,  0.05175415,  0.25012199,  0.41380767,
         0.39029724]]) 

Gen: 56 Fitness: -10564.653503669935 Weights: array([[-0.0602534 , -0.01120315,  0.41646317,  0.19164313,  0.54827643,
         0.5337158 ],
       [-0.32677642,  0.41948668,  0.33775672,  0.09700766, -0.36229105,
        -0.1252096 ],
       [ 0.10559541,  0.41155477,  0.00229921,  0.11654567, -0.24676024,
         0.02355666],
       [ 0.26149928,  0.26080097,  0.32035212, -0.35384022,  0.04608415,
         0.28894007],
       [-0.16283621,  0.18130203,  0.27442537,  0.14910406,  0.49070874,
        -0.26927344],
       [-0.44390821, -0.33482358,  0.10175415,  0.30012199,  0.46380767,
         0.44029724]]) 

Gen: 59 Fitness: -10519.747119250855 Weights: array([[-0.0502534 , -0.00120315,  0.42646317,  0.20164313,  0.55827643,
         0.5437158 ],
       [-0.32677642,  0.41948668,  0.33775672,  0.09700766, -0.36229105,
        -0.1252096 ],
       [ 0.13559541,  0.44155477,  0.03229921,  0.14654567, -0.21676024,
         0.05355666],
       [ 0.26149928,  0.26080097,  0.32035212, -0.35384022,  0.04608415,
         0.28894007],
       [-0.16283621,  0.18130203,  0.27442537,  0.14910406,  0.49070874,
        -0.26927344],
       [-0.43390821, -0.32482358,  0.11175415,  0.31012199,  0.47380767,
         0.45029724]]) 

Gen: 62 Fitness: -10510.149179281874 Weights: array([[-0.0502534 , -0.00120315,  0.42646317,  0.20164313,  0.55827643,
         0.5437158 ],
       [-0.32677642,  0.41948668,  0.33775672,  0.09700766, -0.36229105,
        -0.1252096 ],
       [ 0.12559541,  0.43155477,  0.02229921,  0.13654567, -0.22676024,
         0.04355666],
       [ 0.26149928,  0.26080097,  0.32035212, -0.35384022,  0.04608415,
         0.28894007],
       [-0.16283621,  0.18130203,  0.27442537,  0.14910406,  0.49070874,
        -0.26927344],
       [-0.45390821, -0.34482358,  0.09175415,  0.29012199,  0.45380767,
         0.43029724]]) 

Gen: 66 Fitness: -10478.559582204305 Weights: array([[-0.0402534 ,  0.00879685,  0.43646317,  0.21164313,  0.56827643,
         0.5537158 ],
       [-0.32677642,  0.41948668,  0.33775672,  0.09700766, -0.36229105,
        -0.1252096 ],
       [ 0.13559541,  0.44155477,  0.03229921,  0.14654567, -0.21676024,
         0.05355666],
       [ 0.26149928,  0.26080097,  0.32035212, -0.35384022,  0.04608415,
         0.28894007],
       [-0.16283621,  0.18130203,  0.27442537,  0.14910406,  0.49070874,
        -0.26927344],
       [-0.45390821, -0.34482358,  0.09175415,  0.29012199,  0.45380767,
         0.43029724]]) 

Gen: 71 Fitness: -10472.22112046606 Weights: array([[-0.0502534 , -0.00120315,  0.42646317,  0.20164313,  0.55827643,
         0.5437158 ],
       [-0.31677642,  0.42948668,  0.34775672,  0.10700766, -0.35229105,
        -0.1152096 ],
       [ 0.14559541,  0.45155477,  0.04229921,  0.15654567, -0.20676024,
         0.06355666],
       [ 0.26149928,  0.26080097,  0.32035212, -0.35384022,  0.04608415,
         0.28894007],
       [-0.16283621,  0.18130203,  0.27442537,  0.14910406,  0.49070874,
        -0.26927344],
       [-0.45390821, -0.34482358,  0.09175415,  0.29012199,  0.45380767,
         0.43029724]]) 

Gen: 74 Fitness: -10451.821071446722 Weights: array([[-0.0502534 , -0.00120315,  0.42646317,  0.20164313,  0.55827643,
         0.5437158 ],
       [-0.31677642,  0.42948668,  0.34775672,  0.10700766, -0.35229105,
        -0.1152096 ],
       [ 0.15559541,  0.46155477,  0.05229921,  0.16654567, -0.19676024,
         0.07355666],
       [ 0.26149928,  0.26080097,  0.32035212, -0.35384022,  0.04608415,
         0.28894007],
       [-0.16283621,  0.18130203,  0.27442537,  0.14910406,  0.49070874,
        -0.26927344],
       [-0.45390821, -0.34482358,  0.09175415,  0.29012199,  0.45380767,
         0.43029724]]) 

Gen: 75 Fitness: -10433.445549655044 Weights: array([[-0.0502534 , -0.00120315,  0.42646317,  0.20164313,  0.55827643,
         0.5437158 ],
       [-0.31677642,  0.42948668,  0.34775672,  0.10700766, -0.35229105,
        -0.1152096 ],
       [ 0.16559541,  0.47155477,  0.06229921,  0.17654567, -0.18676024,
         0.08355666],
       [ 0.26149928,  0.26080097,  0.32035212, -0.35384022,  0.04608415,
         0.28894007],
       [-0.16283621,  0.18130203,  0.27442537,  0.14910406,  0.49070874,
        -0.26927344],
       [-0.45390821, -0.34482358,  0.09175415,  0.29012199,  0.45380767,
         0.43029724]]) 

Gen: 79 Fitness: -10430.711391609982 Weights: array([[-0.0602534 , -0.01120315,  0.41646317,  0.19164313,  0.54827643,
         0.5337158 ],
       [-0.30677642,  0.43948668,  0.35775672,  0.11700766, -0.34229105,
        -0.1052096 ],
       [ 0.16559541,  0.47155477,  0.06229921,  0.17654567, -0.18676024,
         0.08355666],
       [ 0.26149928,  0.26080097,  0.32035212, -0.35384022,  0.04608415,
         0.28894007],
       [-0.17283621,  0.17130203,  0.26442537,  0.13910406,  0.48070874,
        -0.27927344],
       [-0.44390821, -0.33482358,  0.10175415,  0.30012199,  0.46380767,
         0.44029724]]) 

Gen: 80 Fitness: -10430.566847154665 Weights: array([[-0.0502534 , -0.00120315,  0.42646317,  0.20164313,  0.55827643,
         0.5437158 ],
       [-0.32677642,  0.41948668,  0.33775672,  0.09700766, -0.36229105,
        -0.1252096 ],
       [ 0.16559541,  0.47155477,  0.06229921,  0.17654567, -0.18676024,
         0.08355666],
       [ 0.26149928,  0.26080097,  0.32035212, -0.35384022,  0.04608415,
         0.28894007],
       [-0.16283621,  0.18130203,  0.27442537,  0.14910406,  0.49070874,
        -0.26927344],
       [-0.45390821, -0.34482358,  0.09175415,  0.29012199,  0.45380767,
         0.43029724]]) 

Gen: 82 Fitness: -10413.529428808564 Weights: array([[-0.0602534 , -0.01120315,  0.41646317,  0.19164313,  0.54827643,
         0.5337158 ],
       [-0.31677642,  0.42948668,  0.34775672,  0.10700766, -0.35229105,
        -0.1152096 ],
       [ 0.17559541,  0.48155477,  0.07229921,  0.18654567, -0.17676024,
         0.09355666],
       [ 0.26149928,  0.26080097,  0.32035212, -0.35384022,  0.04608415,
         0.28894007],
       [-0.16283621,  0.18130203,  0.27442537,  0.14910406,  0.49070874,
        -0.26927344],
       [-0.45390821, -0.34482358,  0.09175415,  0.29012199,  0.45380767,
         0.43029724]]) 

Gen: 90 Fitness: -10389.678183335278 Weights: array([[-0.0402534 ,  0.00879685,  0.43646317,  0.21164313,  0.56827643,
         0.5537158 ],
       [-0.30677642,  0.43948668,  0.35775672,  0.11700766, -0.34229105,
        -0.1052096 ],
       [ 0.17559541,  0.48155477,  0.07229921,  0.18654567, -0.17676024,
         0.09355666],
       [ 0.25149928,  0.25080097,  0.31035212, -0.36384022,  0.03608415,
         0.27894007],
       [-0.14283621,  0.20130203,  0.29442537,  0.16910406,  0.51070874,
        -0.24927344],
       [-0.45390821, -0.34482358,  0.09175415,  0.29012199,  0.45380767,
         0.43029724]]) 

Gen: 91 Fitness: -10365.028021546123 Weights: array([[-0.0402534 ,  0.00879685,  0.43646317,  0.21164313,  0.56827643,
         0.5537158 ],
       [-0.31677642,  0.42948668,  0.34775672,  0.10700766, -0.35229105,
        -0.1152096 ],
       [ 0.18559541,  0.49155477,  0.08229921,  0.19654567, -0.16676024,
         0.10355666],
       [ 0.25149928,  0.25080097,  0.31035212, -0.36384022,  0.03608415,
         0.27894007],
       [-0.15283621,  0.19130203,  0.28442537,  0.15910406,  0.50070874,
        -0.25927344],
       [-0.43390821, -0.32482358,  0.11175415,  0.31012199,  0.47380767,
         0.45029724]]) 

Gen: 98 Fitness: -10357.538146208364 Weights: array([[-0.0602534 , -0.01120315,  0.41646317,  0.19164313,  0.54827643,
         0.5337158 ],
       [-0.26677642,  0.47948668,  0.39775672,  0.15700766, -0.30229105,
        -0.0652096 ],
       [ 0.20559541,  0.51155477,  0.10229921,  0.21654567, -0.14676024,
         0.12355666],
       [ 0.25149928,  0.25080097,  0.31035212, -0.36384022,  0.03608415,
         0.27894007],
       [-0.14283621,  0.20130203,  0.29442537,  0.16910406,  0.51070874,
        -0.24927344],
       [-0.45390821, -0.34482358,  0.09175415,  0.29012199,  0.45380767,
         0.43029724]]) 


Generations: 100 Fitness: -10357.538146208364 
