
-------------------------------------------------------------------------------------------------------
                                --- Method Parameters ---                                            
-------------------------------------------------------------------------------------------------------

method: Microbial, pop_size: 30, gen_size: 500, weight_search: 0.5, 

=======================================================================================================

Gen: 0 Fitness: -0.6616665551178329 Weights: array([[-0.11015852,  0.18053276,  0.24140733,  0.10191193,  0.46856521,
         0.46927166],
       [ 0.08015531, -0.12847306, -0.18330993,  0.40992235, -0.02328369,
         0.06664648],
       [-0.03968986,  0.03900162, -0.08204267,  0.02697092, -0.15466258,
        -0.37149192],
       [-0.44480735, -0.08851153,  0.07727782,  0.03516382,  0.1347401 ,
        -0.1813827 ],
       [-0.33639591, -0.26470474,  0.44579454, -0.20758502,  0.3406594 ,
        -0.14662443],
       [-0.00872532,  0.38107626, -0.16043324,  0.08258172, -0.3195059 ,
         0.30527225]]) 

Gen: 1 Fitness: 0.6844056278155719 Weights: array([[-0.00506652,  0.43539495, -0.25138464, -0.17561075, -0.09133923,
        -0.47333677],
       [-0.07589501,  0.36991601,  0.31485424, -0.12008589,  0.06102343,
         0.09201448],
       [ 0.33176039,  0.19014866, -0.1157316 , -0.11049743, -0.15531008,
         0.21176757],
       [ 0.25754773, -0.41095496,  0.47560367,  0.3759481 ,  0.3725351 ,
         0.41012362],
       [ 0.23942345,  0.22634626, -0.37537885,  0.47818334,  0.01844651,
        -0.14973461],
       [ 0.39753608,  0.5077332 ,  0.29041181,  0.1379153 , -0.15633185,
         0.45026467]]) 

Gen: 3 Fitness: 8.342266873347647 Weights: array([[-0.12015852,  0.17053276,  0.23140733,  0.09191193,  0.45856521,
         0.45927166],
       [ 0.08015531, -0.12847306, -0.18330993,  0.40992235, -0.02328369,
         0.06664648],
       [-0.09136381, -0.09661863,  0.27272118,  0.068508  , -0.1038059 ,
        -0.06245232],
       [ 0.07933708,  0.35977377, -0.27757455, -0.2062643 , -0.08803509,
         0.08527455],
       [-0.33639591, -0.26470474,  0.44579454, -0.20758502,  0.3406594 ,
        -0.14662443],
       [-0.23510006,  0.25334398, -0.09950804, -0.0909741 ,  0.4979944 ,
        -0.44864931]]) 

Gen: 4 Fitness: 11.070509267116421 Weights: array([[ 0.25266238,  0.1622794 , -0.32796757,  0.02465527, -0.25406241,
        -0.22424628],
       [-0.11740008, -0.37877001, -0.26946754, -0.3233444 ,  0.28136023,
        -0.47875087],
       [ 0.40456057,  0.42372906, -0.19852078,  0.33997498,  0.27869085,
         0.36176732],
       [-0.4769113 , -0.22934593,  0.26930995,  0.41464157, -0.29268998,
        -0.1230026 ],
       [-0.36804564,  0.25544799,  0.00867893,  0.1731316 , -0.23156796,
         0.14391731],
       [ 0.25648607,  0.19108004, -0.11246635,  0.31889117, -0.10591093,
        -0.37881615]]) 

Gen: 9 Fitness: 84.23659134006452 Weights: array([[ 0.25266238,  0.1622794 , -0.32796757,  0.02465527, -0.25406241,
        -0.22424628],
       [ 0.45176616,  0.13257407, -0.30868763,  0.42138191, -0.23211242,
         0.19534112],
       [ 0.18923613, -0.21543528, -0.3072601 , -0.15332734, -0.469658  ,
         0.08080434],
       [ 0.32465778,  0.37900225,  0.12950139,  0.30438839, -0.34417026,
        -0.29727917],
       [ 0.29860828,  0.16703317, -0.06320074,  0.27876548,  0.31215093,
         0.31367471],
       [ 0.26648607,  0.20108004, -0.10246635,  0.32889117, -0.09591093,
        -0.36881615]]) 

Gen: 14 Fitness: 120.83488270087486 Weights: array([[ 0.02493348,  0.46539495, -0.22138464, -0.14561075, -0.06133923,
        -0.44333677],
       [ 0.06015531, -0.14847306, -0.20330993,  0.38992235, -0.04328369,
         0.04664648],
       [-0.47313299, -0.15538739, -0.45987836, -0.47016537, -0.18608202,
        -0.3659439 ],
       [-0.4369113 , -0.18934593,  0.30930995,  0.45464157, -0.25268998,
        -0.0830026 ],
       [ 0.39512419, -0.44773269,  0.41472697,  0.32336352, -0.3500551 ,
        -0.24746574],
       [ 0.40753608,  0.5177332 ,  0.30041181,  0.1479153 , -0.14633185,
         0.46026467]]) 

Gen: 38 Fitness: 124.96669483872952 Weights: array([[ 0.0929368 ,  0.00378207, -0.34665358,  0.45036699, -0.18438817,
         0.16152637],
       [ 0.48176616,  0.16257407, -0.27868763,  0.45138191, -0.20211242,
         0.22534112],
       [ 0.16923613, -0.23543528, -0.3272601 , -0.17332734, -0.489658  ,
         0.06080434],
       [-0.4569113 , -0.20934593,  0.28930995,  0.43464157, -0.27268998,
        -0.1030026 ],
       [ 0.30860828,  0.17703317, -0.05320074,  0.28876548,  0.32215093,
         0.32367471],
       [ 0.19655849, -0.03836562,  0.37404456, -0.05347592,  0.2201824 ,
        -0.37980067]]) 

Gen: 41 Fitness: 133.100918368681 Weights: array([[ 0.0429368 , -0.04621793, -0.39665358,  0.40036699, -0.23438817,
         0.11152637],
       [ 0.47176616,  0.15257407, -0.28868763,  0.44138191, -0.21211242,
         0.21534112],
       [ 0.15923613, -0.24543528, -0.3372601 , -0.18332734, -0.499658  ,
         0.05080434],
       [-0.4469113 , -0.19934593,  0.29930995,  0.44464157, -0.26268998,
        -0.0930026 ],
       [ 0.30860828,  0.17703317, -0.05320074,  0.28876548,  0.32215093,
         0.32367471],
       [ 0.19655849, -0.03836562,  0.37404456, -0.05347592,  0.2201824 ,
        -0.37980067]]) 

Gen: 46 Fitness: 133.18362187726237 Weights: array([[ 0.0529368 , -0.03621793, -0.38665358,  0.41036699, -0.22438817,
         0.12152637],
       [ 0.49176616,  0.17257407, -0.26868763,  0.46138191, -0.19211242,
         0.23534112],
       [ 0.14923613, -0.25543528, -0.3472601 , -0.19332734, -0.509658  ,
         0.04080434],
       [-0.4469113 , -0.19934593,  0.29930995,  0.44464157, -0.26268998,
        -0.0930026 ],
       [ 0.31860828,  0.18703317, -0.04320074,  0.29876548,  0.33215093,
         0.33367471],
       [ 0.16655849, -0.06836562,  0.34404456, -0.08347592,  0.1901824 ,
        -0.40980067]]) 

Gen: 52 Fitness: 133.41326393860305 Weights: array([[ 0.1029368 ,  0.01378207, -0.33665358,  0.46036699, -0.17438817,
         0.17152637],
       [ 0.48176616,  0.16257407, -0.27868763,  0.45138191, -0.20211242,
         0.22534112],
       [ 0.17923613, -0.22543528, -0.3172601 , -0.16332734, -0.479658  ,
         0.07080434],
       [-0.4369113 , -0.18934593,  0.30930995,  0.45464157, -0.25268998,
        -0.0830026 ],
       [ 0.28860828,  0.15703317, -0.07320074,  0.26876548,  0.30215093,
         0.30367471],
       [ 0.20655849, -0.02836562,  0.38404456, -0.04347592,  0.2301824 ,
        -0.36980067]]) 

Gen: 87 Fitness: 140.4294995478163 Weights: array([[ 0.0829368 , -0.00621793, -0.35665358,  0.44036699, -0.19438817,
         0.15152637],
       [ 0.45176616,  0.13257407, -0.30868763,  0.42138191, -0.23211242,
         0.19534112],
       [ 0.16923613, -0.23543528, -0.3272601 , -0.17332734, -0.489658  ,
         0.06080434],
       [-0.4069113 , -0.15934593,  0.33930995,  0.48464157, -0.22268998,
        -0.0530026 ],
       [ 0.30860828,  0.17703317, -0.05320074,  0.28876548,  0.32215093,
         0.32367471],
       [ 0.17655849, -0.05836562,  0.35404456, -0.07347592,  0.2001824 ,
        -0.39980067]]) 

Gen: 149 Fitness: 142.2652148122658 Weights: array([[ 0.1329368 ,  0.04378207, -0.30665358,  0.49036699, -0.14438817,
         0.20152637],
       [ 0.49176616,  0.17257407, -0.26868763,  0.46138191, -0.19211242,
         0.23534112],
       [ 0.15923613, -0.24543528, -0.3372601 , -0.18332734, -0.499658  ,
         0.05080434],
       [-0.4369113 , -0.18934593,  0.30930995,  0.45464157, -0.25268998,
        -0.0830026 ],
       [ 0.29860828,  0.16703317, -0.06320074,  0.27876548,  0.31215093,
         0.31367471],
       [ 0.22655849, -0.00836562,  0.40404456, -0.02347592,  0.2501824 ,
        -0.34980067]]) 

Gen: 279 Fitness: 143.86029052662488 Weights: array([[ 0.1429368 ,  0.05378207, -0.29665358,  0.50036699, -0.13438817,
         0.21152637],
       [ 0.46176616,  0.14257407, -0.29868763,  0.43138191, -0.22211242,
         0.20534112],
       [ 0.15923613, -0.24543528, -0.3372601 , -0.18332734, -0.499658  ,
         0.05080434],
       [-0.4269113 , -0.17934593,  0.31930995,  0.46464157, -0.24268998,
        -0.0730026 ],
       [ 0.30860828,  0.17703317, -0.05320074,  0.28876548,  0.32215093,
         0.32367471],
       [ 0.24655849,  0.01163438,  0.42404456, -0.00347592,  0.2701824 ,
        -0.32980067]]) 

Gen: 445 Fitness: 144.55883736102197 Weights: array([[ 0.1529368 ,  0.06378207, -0.28665358,  0.51036699, -0.12438817,
         0.22152637],
       [ 0.48176616,  0.16257407, -0.27868763,  0.45138191, -0.20211242,
         0.22534112],
       [ 0.15923613, -0.24543528, -0.3372601 , -0.18332734, -0.499658  ,
         0.05080434],
       [-0.4669113 , -0.21934593,  0.27930995,  0.42464157, -0.28268998,
        -0.1130026 ],
       [ 0.30860828,  0.17703317, -0.05320074,  0.28876548,  0.32215093,
         0.32367471],
       [ 0.25655849,  0.02163438,  0.43404456,  0.00652408,  0.2801824 ,
        -0.31980067]]) 

=======================================================================================================

Notes:

The fittest geno in this simulation managed to move mostly into the middle of the screen,
however finishes with only one spring in tact and one particle off the screen to the left

Appears genos tended toward a local minima which observes the above behaviour

========================================================================================================


Generations: 500 Fitness: 144.55883736102197 
