
-------------------------------------------------------------------------------------------------------
                                --- Method Parameters ---                                            
-------------------------------------------------------------------------------------------------------

method: Microbial, sim_duration: 10, pop_size: 30, gen_size: 5000, weight_search: 0.5, 

=======================================================================================================

Gen: 0 Fitness: -1.0898609986283034 Weights: array([[ 0.02201789,  0.0557865 ,  0.27449046, -0.28777409,  0.28419682,
         0.37016396],
       [ 0.10821394,  0.09001266,  0.40161661, -0.02131679,  0.4350607 ,
         0.37020508],
       [ 0.44992065,  0.21154378, -0.11360909,  0.43645437, -0.32987095,
        -0.23196842],
       [ 0.01919028, -0.11151749, -0.48342844,  0.29891222,  0.32902181,
        -0.11734546],
       [-0.37508838, -0.16912255,  0.03976479,  0.36542876,  0.27169328,
        -0.1798685 ],
       [ 0.49937292, -0.16371199,  0.26801979,  0.47285513, -0.34246038,
        -0.39289179]]) 

Gen: 2 Fitness: -0.8376913314180854 Weights: array([[ 0.49979382,  0.01132901, -0.45664695, -0.3458788 ,  0.42720532,
         0.07074658],
       [ 0.23646724,  0.38678528, -0.37700987, -0.0857863 , -0.07811436,
         0.39785463],
       [ 0.43177083, -0.03469948,  0.48005978, -0.41695645,  0.26626346,
        -0.09167662],
       [-0.27688591, -0.26006753,  0.01162471,  0.49156144,  0.46378738,
        -0.24085468],
       [ 0.36717413, -0.17655723, -0.43497971, -0.24129396,  0.30927607,
         0.29535544],
       [-0.23361002, -0.04720704,  0.20152261,  0.16978303, -0.25570957,
        -0.31391035]]) 

Gen: 3 Fitness: 10.394231684003188 Weights: array([[ 0.42340847, -0.20033316,  0.15258863,  0.10953008,  0.43998231,
         0.13579454],
       [-0.41063118,  0.3079302 ,  0.02895403,  0.3617072 , -0.04964791,
         0.00870681],
       [-0.36080708, -0.31776136,  0.17900188, -0.06862601, -0.37329101,
        -0.00373532],
       [ 0.49099837, -0.0521636 , -0.40796034, -0.03389448,  0.15115588,
         0.2984489 ],
       [-0.24835038, -0.29417831,  0.29824404, -0.40100896,  0.20313383,
         0.20416378],
       [ 0.50937292, -0.15371199,  0.27801979,  0.48285513, -0.33246038,
        -0.38289179]]) 

Gen: 9 Fitness: 21.938582846912567 Weights: array([[ 0.10944782,  0.00758295,  0.04040678,  0.36444731, -0.15370821,
        -0.42956851],
       [ 0.09821394,  0.08001266,  0.39161661, -0.03131679,  0.4250607 ,
         0.36020508],
       [ 0.45992065,  0.22154378, -0.10360909,  0.44645437, -0.31987095,
        -0.22196842],
       [-0.10132694, -0.40003839, -0.14274148,  0.17541471, -0.26592728,
         0.4038023 ],
       [-0.36508838, -0.15912255,  0.04976479,  0.37542876,  0.28169328,
        -0.1698685 ],
       [ 0.3081632 ,  0.09038275, -0.31088616,  0.33393255, -0.16501022,
        -0.08270646]]) 

Gen: 15 Fitness: 48.31387502611718 Weights: array([[-0.10433312,  0.22071908,  0.02605024,  0.00083071, -0.44704349,
        -0.01501919],
       [ 0.06351328,  0.4372345 , -0.31960328,  0.19503484, -0.42784871,
        -0.28711216],
       [-0.18345838, -0.13224616,  0.43946734,  0.36879804,  0.20992884,
         0.41230067],
       [-0.11132694, -0.41003839, -0.15274148,  0.16541471, -0.27592728,
         0.3938023 ],
       [ 0.16420375,  0.53522981,  0.21206962,  0.50319104,  0.48713988,
         0.05006359],
       [ 0.50937292, -0.15371199,  0.27801979,  0.48285513, -0.33246038,
        -0.38289179]]) 

Gen: 35 Fitness: 56.54963719614671 Weights: array([[ 0.40340847, -0.22033316,  0.13258863,  0.08953008,  0.41998231,
         0.11579454],
       [-0.43063118,  0.2879302 ,  0.00895403,  0.3417072 , -0.06964791,
        -0.01129319],
       [ 0.3097019 ,  0.16304737,  0.08503303, -0.11731341,  0.16143185,
        -0.31065355],
       [-0.08132694, -0.38003839, -0.12274148,  0.19541471, -0.24592728,
         0.4238023 ],
       [-0.34508838, -0.13912255,  0.06976479,  0.39542876,  0.30169328,
        -0.1498685 ],
       [ 0.2781632 ,  0.06038275, -0.34088616,  0.30393255, -0.19501022,
        -0.11270646]]) 

Gen: 38 Fitness: 61.723255462583325 Weights: array([[ 0.40340847, -0.22033316,  0.13258863,  0.08953008,  0.41998231,
         0.11579454],
       [-0.44063118,  0.2779302 , -0.00104597,  0.3317072 , -0.07964791,
        -0.02129319],
       [ 0.3097019 ,  0.16304737,  0.08503303, -0.11731341,  0.16143185,
        -0.31065355],
       [-0.06132694, -0.36003839, -0.10274148,  0.21541471, -0.22592728,
         0.4438023 ],
       [-0.34508838, -0.13912255,  0.06976479,  0.39542876,  0.30169328,
        -0.1498685 ],
       [ 0.2781632 ,  0.06038275, -0.34088616,  0.30393255, -0.19501022,
        -0.11270646]]) 

Gen: 39 Fitness: 65.97123197389915 Weights: array([[ 0.10944782,  0.00758295,  0.04040678,  0.36444731, -0.15370821,
        -0.42956851],
       [ 0.37084345,  0.23635673, -0.19858858,  0.47969977,  0.139385  ,
         0.28125246],
       [-0.35080708, -0.30776136,  0.18900188, -0.05862601, -0.36329101,
         0.00626468],
       [-0.10132694, -0.40003839, -0.14274148,  0.17541471, -0.26592728,
         0.4038023 ],
       [-0.37508838, -0.16912255,  0.03976479,  0.36542876,  0.27169328,
        -0.1798685 ],
       [ 0.3081632 ,  0.09038275, -0.31088616,  0.33393255, -0.16501022,
        -0.08270646]]) 

Gen: 46 Fitness: 76.04451701470855 Weights: array([[ 0.42340847, -0.20033316,  0.15258863,  0.10953008,  0.43998231,
         0.13579454],
       [-0.42063118,  0.2979302 ,  0.01895403,  0.3517072 , -0.05964791,
        -0.00129319],
       [ 0.2997019 ,  0.15304737,  0.07503303, -0.12731341,  0.15143185,
        -0.32065355],
       [-0.06132694, -0.36003839, -0.10274148,  0.21541471, -0.22592728,
         0.4438023 ],
       [-0.33508838, -0.12912255,  0.07976479,  0.40542876,  0.31169328,
        -0.1398685 ],
       [ 0.2681632 ,  0.05038275, -0.35088616,  0.29393255, -0.20501022,
        -0.12270646]]) 

Gen: 47 Fitness: 80.59503025285758 Weights: array([[ 0.44340847, -0.18033316,  0.17258863,  0.12953008,  0.45998231,
         0.15579454],
       [ 0.37084345,  0.23635673, -0.19858858,  0.47969977,  0.139385  ,
         0.28125246],
       [ 0.2997019 ,  0.15304737,  0.07503303, -0.12731341,  0.15143185,
        -0.32065355],
       [-0.04132694, -0.34003839, -0.08274148,  0.23541471, -0.20592728,
         0.4638023 ],
       [-0.35508838, -0.14912255,  0.05976479,  0.38542876,  0.29169328,
        -0.1598685 ],
       [ 0.2781632 ,  0.06038275, -0.34088616,  0.30393255, -0.19501022,
        -0.11270646]]) 

Gen: 49 Fitness: 116.36371088391724 Weights: array([[ 0.41340847, -0.21033316,  0.14258863,  0.09953008,  0.42998231,
         0.12579454],
       [-0.46063118,  0.2579302 , -0.02104597,  0.3117072 , -0.09964791,
        -0.04129319],
       [ 0.3097019 ,  0.16304737,  0.08503303, -0.11731341,  0.16143185,
        -0.31065355],
       [-0.01132694, -0.31003839, -0.05274148,  0.26541471, -0.17592728,
         0.4938023 ],
       [-0.35508838, -0.14912255,  0.05976479,  0.38542876,  0.29169328,
        -0.1598685 ],
       [ 0.2681632 ,  0.05038275, -0.35088616,  0.29393255, -0.20501022,
        -0.12270646]]) 

Gen: 56 Fitness: 120.15108484218142 Weights: array([[ 0.44340847, -0.18033316,  0.17258863,  0.12953008,  0.45998231,
         0.15579454],
       [-0.43063118,  0.2879302 ,  0.00895403,  0.3417072 , -0.06964791,
        -0.01129319],
       [ 0.2997019 ,  0.15304737,  0.07503303, -0.12731341,  0.15143185,
        -0.32065355],
       [-0.02132694, -0.32003839, -0.06274148,  0.25541471, -0.18592728,
         0.4838023 ],
       [-0.36508838, -0.15912255,  0.04976479,  0.37542876,  0.28169328,
        -0.1698685 ],
       [ 0.2681632 ,  0.05038275, -0.35088616,  0.29393255, -0.20501022,
        -0.12270646]]) 

Gen: 57 Fitness: 124.4390697669659 Weights: array([[ 0.41340847, -0.21033316,  0.14258863,  0.09953008,  0.42998231,
         0.12579454],
       [-0.47063118,  0.2479302 , -0.03104597,  0.3017072 , -0.10964791,
        -0.05129319],
       [ 0.3297019 ,  0.18304737,  0.10503303, -0.09731341,  0.18143185,
        -0.29065355],
       [-0.01132694, -0.31003839, -0.05274148,  0.26541471, -0.17592728,
         0.4938023 ],
       [-0.34508838, -0.13912255,  0.06976479,  0.39542876,  0.30169328,
        -0.1498685 ],
       [ 0.2481632 ,  0.03038275, -0.37088616,  0.27393255, -0.22501022,
        -0.14270646]]) 

Gen: 59 Fitness: 126.75405547184012 Weights: array([[ 0.41340847, -0.21033316,  0.14258863,  0.09953008,  0.42998231,
         0.12579454],
       [-0.47063118,  0.2479302 , -0.03104597,  0.3017072 , -0.10964791,
        -0.05129319],
       [ 0.3297019 ,  0.18304737,  0.10503303, -0.09731341,  0.18143185,
        -0.29065355],
       [-0.01132694, -0.31003839, -0.05274148,  0.26541471, -0.17592728,
         0.4938023 ],
       [-0.35508838, -0.14912255,  0.05976479,  0.38542876,  0.29169328,
        -0.1598685 ],
       [ 0.2481632 ,  0.03038275, -0.37088616,  0.27393255, -0.22501022,
        -0.14270646]]) 

Gen: 64 Fitness: 128.1497448556616 Weights: array([[ 0.40340847, -0.22033316,  0.13258863,  0.08953008,  0.41998231,
         0.11579454],
       [-0.44063118,  0.2779302 , -0.00104597,  0.3317072 , -0.07964791,
        -0.02129319],
       [ 0.3097019 ,  0.16304737,  0.08503303, -0.11731341,  0.16143185,
        -0.31065355],
       [-0.02132694, -0.32003839, -0.06274148,  0.25541471, -0.18592728,
         0.4838023 ],
       [-0.34508838, -0.13912255,  0.06976479,  0.39542876,  0.30169328,
        -0.1498685 ],
       [ 0.2481632 ,  0.03038275, -0.37088616,  0.27393255, -0.22501022,
        -0.14270646]]) 

Gen: 66 Fitness: 132.2726820552129 Weights: array([[ 0.41340847, -0.21033316,  0.14258863,  0.09953008,  0.42998231,
         0.12579454],
       [-0.41063118,  0.3079302 ,  0.02895403,  0.3617072 , -0.04964791,
         0.00870681],
       [ 0.2797019 ,  0.13304737,  0.05503303, -0.14731341,  0.13143185,
        -0.34065355],
       [-0.01132694, -0.31003839, -0.05274148,  0.26541471, -0.17592728,
         0.4938023 ],
       [-0.34508838, -0.13912255,  0.06976479,  0.39542876,  0.30169328,
        -0.1498685 ],
       [ 0.2681632 ,  0.05038275, -0.35088616,  0.29393255, -0.20501022,
        -0.12270646]]) 

Gen: 72 Fitness: 133.7663622978032 Weights: array([[ 0.41340847, -0.21033316,  0.14258863,  0.09953008,  0.42998231,
         0.12579454],
       [-0.47063118,  0.2479302 , -0.03104597,  0.3017072 , -0.10964791,
        -0.05129319],
       [ 0.3097019 ,  0.16304737,  0.08503303, -0.11731341,  0.16143185,
        -0.31065355],
       [-0.00132694, -0.30003839, -0.04274148,  0.27541471, -0.16592728,
         0.5038023 ],
       [-0.34508838, -0.13912255,  0.06976479,  0.39542876,  0.30169328,
        -0.1498685 ],
       [ 0.2581632 ,  0.04038275, -0.36088616,  0.28393255, -0.21501022,
        -0.13270646]]) 

Gen: 73 Fitness: 134.39896680295152 Weights: array([[ 0.37340847, -0.25033316,  0.10258863,  0.05953008,  0.38998231,
         0.08579454],
       [-0.48063118,  0.2379302 , -0.04104597,  0.2917072 , -0.11964791,
        -0.06129319],
       [ 0.3497019 ,  0.20304737,  0.12503303, -0.07731341,  0.20143185,
        -0.27065355],
       [-0.00132694, -0.30003839, -0.04274148,  0.27541471, -0.16592728,
         0.5038023 ],
       [-0.36508838, -0.15912255,  0.04976479,  0.37542876,  0.28169328,
        -0.1698685 ],
       [ 0.2381632 ,  0.02038275, -0.38088616,  0.26393255, -0.23501022,
        -0.15270646]]) 

Gen: 86 Fitness: 134.69248119243676 Weights: array([[ 0.43340847, -0.19033316,  0.16258863,  0.11953008,  0.44998231,
         0.14579454],
       [-0.46063118,  0.2579302 , -0.02104597,  0.3117072 , -0.09964791,
        -0.04129319],
       [ 0.3097019 ,  0.16304737,  0.08503303, -0.11731341,  0.16143185,
        -0.31065355],
       [-0.01132694, -0.31003839, -0.05274148,  0.26541471, -0.17592728,
         0.4938023 ],
       [-0.32508838, -0.11912255,  0.08976479,  0.41542876,  0.32169328,
        -0.1298685 ],
       [ 0.2481632 ,  0.03038275, -0.37088616,  0.27393255, -0.22501022,
        -0.14270646]]) 

Gen: 89 Fitness: 136.68671827321918 Weights: array([[ 0.40340847, -0.22033316,  0.13258863,  0.08953008,  0.41998231,
         0.11579454],
       [-0.46063118,  0.2579302 , -0.02104597,  0.3117072 , -0.09964791,
        -0.04129319],
       [ 0.2997019 ,  0.15304737,  0.07503303, -0.12731341,  0.15143185,
        -0.32065355],
       [-0.01132694, -0.31003839, -0.05274148,  0.26541471, -0.17592728,
         0.4938023 ],
       [-0.31508838, -0.10912255,  0.09976479,  0.42542876,  0.33169328,
        -0.1198685 ],
       [ 0.2481632 ,  0.03038275, -0.37088616,  0.27393255, -0.22501022,
        -0.14270646]]) 

Gen: 113 Fitness: 143.03292256284846 Weights: array([[ 0.41340847, -0.21033316,  0.14258863,  0.09953008,  0.42998231,
         0.12579454],
       [-0.45063118,  0.2679302 , -0.01104597,  0.3217072 , -0.08964791,
        -0.03129319],
       [ 0.2697019 ,  0.12304737,  0.04503303, -0.15731341,  0.12143185,
        -0.35065355],
       [-0.00132694, -0.30003839, -0.04274148,  0.27541471, -0.16592728,
         0.5038023 ],
       [-0.29508838, -0.08912255,  0.11976479,  0.44542876,  0.35169328,
        -0.0998685 ],
       [ 0.2581632 ,  0.04038275, -0.36088616,  0.28393255, -0.21501022,
        -0.13270646]]) 

Gen: 226 Fitness: 143.10070437716345 Weights: array([[ 0.42340847, -0.20033316,  0.15258863,  0.10953008,  0.43998231,
         0.13579454],
       [-0.46063118,  0.2579302 , -0.02104597,  0.3117072 , -0.09964791,
        -0.04129319],
       [ 0.2797019 ,  0.13304737,  0.05503303, -0.14731341,  0.13143185,
        -0.34065355],
       [-0.01132694, -0.31003839, -0.05274148,  0.26541471, -0.17592728,
         0.4938023 ],
       [-0.28508838, -0.07912255,  0.12976479,  0.45542876,  0.36169328,
        -0.0898685 ],
       [ 0.2481632 ,  0.03038275, -0.37088616,  0.27393255, -0.22501022,
        -0.14270646]]) 

