
-------------------------------------------------------------------------------------------------------
                                --- Method Parameters ---                                            
-------------------------------------------------------------------------------------------------------

method: Microbial, sim_duration: 25, fitness_func: Fitness_Day3, pop_size: 20, gen_size: 100, weight_search: 1, 

=======================================================================================================

Gen: 0 Fitness: -38478.00309456796 Weights: array([[-0.19239171,  0.46151594,  0.31292753, -0.49761847,  0.75843427,
         0.02204426],
       [ 0.44509493, -0.09678677, -0.13725927, -0.3881452 ,  0.41161381,
        -0.73291453],
       [-0.96102739,  0.58094987,  0.86480472, -0.8592307 ,  0.04253203,
         0.58037009],
       [ 0.85278541, -0.22467466,  0.50175457,  0.22599624, -0.41837455,
        -0.24873283],
       [-0.41409064,  0.68782992,  0.49379297,  0.44843122, -0.05560429,
         0.29404771],
       [-0.60182357, -0.38605089, -0.58805328,  0.20463393, -0.0715961 ,
         0.49016168]]) 

Gen: 6 Fitness: -25554.620836726084 Weights: array([[-0.52871077, -0.37827014, -0.62081085,  0.4837772 , -0.19876021,
         0.44745562],
       [ 0.46509493, -0.07678677, -0.11725927, -0.3681452 ,  0.43161381,
        -0.71291453],
       [ 0.09163353,  0.98453247, -0.14269488, -0.25595174, -0.43515023,
        -0.47077411],
       [ 0.00578927, -0.69112722, -0.22555093, -0.39089511, -0.17917703,
         0.41867348],
       [ 0.18869676,  0.46729043,  0.09613426,  0.08935046,  0.40541426,
         0.39642492],
       [-0.88183191,  0.73618937, -0.33117169,  0.40722719, -0.49255731,
         0.86467545]]) 

Gen: 12 Fitness: -15436.742890135654 Weights: array([[-0.52871077, -0.37827014, -0.62081085,  0.4837772 , -0.19876021,
         0.44745562],
       [ 0.39385074, -0.76084313, -0.05202013,  0.65449643,  0.35026954,
         0.23213943],
       [ 0.09163353,  0.98453247, -0.14269488, -0.25595174, -0.43515023,
        -0.47077411],
       [-0.77765874, -0.49200779,  0.48771307, -0.71089623, -0.96689621,
        -0.01721789],
       [ 0.17869676,  0.45729043,  0.08613426,  0.07935046,  0.39541426,
         0.38642492],
       [-0.88183191,  0.73618937, -0.33117169,  0.40722719, -0.49255731,
         0.86467545]]) 

Gen: 15 Fitness: -0.7995635188032395 Weights: array([[-0.19239171,  0.46151594,  0.31292753, -0.49761847,  0.75843427,
         0.02204426],
       [ 0.46509493, -0.07678677, -0.11725927, -0.3681452 ,  0.43161381,
        -0.71291453],
       [-0.49615989,  0.64126872,  0.77203253, -0.59446372,  0.62741591,
         0.5027925 ],
       [ 0.85278541, -0.22467466,  0.50175457,  0.22599624, -0.41837455,
        -0.24873283],
       [-0.40409064,  0.69782992,  0.50379297,  0.45843122, -0.04560429,
         0.30404771],
       [-0.86183191,  0.75618937, -0.31117169,  0.42722719, -0.47255731,
         0.88467545]]) 

Gen: 16 Fitness: -0.048015650656452635 Weights: array([[-0.18239171,  0.47151594,  0.32292753, -0.48761847,  0.76843427,
         0.03204426],
       [ 0.47509493, -0.06678677, -0.10725927, -0.3581452 ,  0.44161381,
        -0.70291453],
       [-0.50615989,  0.63126872,  0.76203253, -0.60446372,  0.61741591,
         0.4927925 ],
       [ 0.85278541, -0.22467466,  0.50175457,  0.22599624, -0.41837455,
        -0.24873283],
       [-0.40409064,  0.69782992,  0.50379297,  0.45843122, -0.04560429,
         0.30404771],
       [-0.87183191,  0.74618937, -0.32117169,  0.41722719, -0.48255731,
         0.87467545]]) 

Gen: 20 Fitness: -0.0033188432942239388 Weights: array([[-0.20239171,  0.45151594,  0.30292753, -0.50761847,  0.74843427,
         0.01204426],
       [ 0.48509493, -0.05678677, -0.09725927, -0.3481452 ,  0.45161381,
        -0.69291453],
       [-0.51615989,  0.62126872,  0.75203253, -0.61446372,  0.60741591,
         0.4827925 ],
       [ 0.84278541, -0.23467466,  0.49175457,  0.21599624, -0.42837455,
        -0.25873283],
       [-0.42409064,  0.67782992,  0.48379297,  0.43843122, -0.06560429,
         0.28404771],
       [-0.85183191,  0.76618937, -0.30117169,  0.43722719, -0.46255731,
         0.89467545]]) 

Gen: 21 Fitness: 0.014981419479568103 Weights: array([[-0.19239171,  0.46151594,  0.31292753, -0.49761847,  0.75843427,
         0.02204426],
       [ 0.48509493, -0.05678677, -0.09725927, -0.3481452 ,  0.45161381,
        -0.69291453],
       [-0.51615989,  0.62126872,  0.75203253, -0.61446372,  0.60741591,
         0.4827925 ],
       [ 0.85278541, -0.22467466,  0.50175457,  0.22599624, -0.41837455,
        -0.24873283],
       [-0.42409064,  0.67782992,  0.48379297,  0.43843122, -0.06560429,
         0.28404771],
       [-0.85183191,  0.76618937, -0.30117169,  0.43722719, -0.46255731,
         0.89467545]]) 

Gen: 22 Fitness: 0.1433224346175308 Weights: array([[-0.19239171,  0.46151594,  0.31292753, -0.49761847,  0.75843427,
         0.02204426],
       [ 0.46509493, -0.07678677, -0.11725927, -0.3681452 ,  0.43161381,
        -0.71291453],
       [-0.49615989,  0.64126872,  0.77203253, -0.59446372,  0.62741591,
         0.5027925 ],
       [ 0.83278541, -0.24467466,  0.48175457,  0.20599624, -0.43837455,
        -0.26873283],
       [-0.39409064,  0.70782992,  0.51379297,  0.46843122, -0.03560429,
         0.31404771],
       [-0.86183191,  0.75618937, -0.31117169,  0.42722719, -0.47255731,
         0.88467545]]) 

Gen: 23 Fitness: 0.9409605209434773 Weights: array([[-0.18239171,  0.47151594,  0.32292753, -0.48761847,  0.76843427,
         0.03204426],
       [ 0.45509493, -0.08678677, -0.12725927, -0.3781452 ,  0.42161381,
        -0.72291453],
       [-0.50615989,  0.63126872,  0.76203253, -0.60446372,  0.61741591,
         0.4927925 ],
       [ 0.84278541, -0.23467466,  0.49175457,  0.21599624, -0.42837455,
        -0.25873283],
       [-0.42409064,  0.67782992,  0.48379297,  0.43843122, -0.06560429,
         0.28404771],
       [-0.86183191,  0.75618937, -0.31117169,  0.42722719, -0.47255731,
         0.88467545]]) 

Gen: 38 Fitness: 1.0533331920259172 Weights: array([[-0.26239171,  0.39151594,  0.24292753, -0.56761847,  0.68843427,
        -0.04795574],
       [ 0.42509493, -0.11678677, -0.15725927, -0.4081452 ,  0.39161381,
        -0.75291453],
       [-0.48615989,  0.65126872,  0.78203253, -0.58446372,  0.63741591,
         0.5127925 ],
       [ 0.82278541, -0.25467466,  0.47175457,  0.19599624, -0.44837455,
        -0.27873283],
       [-0.40409064,  0.69782992,  0.50379297,  0.45843122, -0.04560429,
         0.30404771],
       [-0.81183191,  0.80618937, -0.26117169,  0.47722719, -0.42255731,
         0.93467545]]) 

Gen: 45 Fitness: 5.1067693466599735 Weights: array([[-0.16239171,  0.49151594,  0.34292753, -0.46761847,  0.78843427,
         0.05204426],
       [ 0.45509493, -0.08678677, -0.12725927, -0.3781452 ,  0.42161381,
        -0.72291453],
       [-0.49615989,  0.64126872,  0.77203253, -0.59446372,  0.62741591,
         0.5027925 ],
       [ 0.85278541, -0.22467466,  0.50175457,  0.22599624, -0.41837455,
        -0.24873283],
       [-0.35409064,  0.74782992,  0.55379297,  0.50843122,  0.00439571,
         0.35404771],
       [-0.84183191,  0.77618937, -0.29117169,  0.44722719, -0.45255731,
         0.90467545]]) 

Gen: 54 Fitness: 9.429245333807785 Weights: array([[-0.16239171,  0.49151594,  0.34292753, -0.46761847,  0.78843427,
         0.05204426],
       [ 0.44509493, -0.09678677, -0.13725927, -0.3881452 ,  0.41161381,
        -0.73291453],
       [-0.48615989,  0.65126872,  0.78203253, -0.58446372,  0.63741591,
         0.5127925 ],
       [ 0.85278541, -0.22467466,  0.50175457,  0.22599624, -0.41837455,
        -0.24873283],
       [-0.35409064,  0.74782992,  0.55379297,  0.50843122,  0.00439571,
         0.35404771],
       [-0.84183191,  0.77618937, -0.29117169,  0.44722719, -0.45255731,
         0.90467545]]) 

Gen: 96 Fitness: 13.200904898812837 Weights: array([[-0.15239171,  0.50151594,  0.35292753, -0.45761847,  0.79843427,
         0.06204426],
       [ 0.39509493, -0.14678677, -0.18725927, -0.4381452 ,  0.36161381,
        -0.78291453],
       [-0.46615989,  0.67126872,  0.80203253, -0.56446372,  0.65741591,
         0.5327925 ],
       [ 0.87278541, -0.20467466,  0.52175457,  0.24599624, -0.39837455,
        -0.22873283],
       [-0.35409064,  0.74782992,  0.55379297,  0.50843122,  0.00439571,
         0.35404771],
       [-0.83183191,  0.78618937, -0.28117169,  0.45722719, -0.44255731,
         0.91467545]]) 


Generations: 100 Fitness: 13.200904898812837 
