
-------------------------------------------------------------------------------------------------------
                                --- Method Parameters ---                                            
-------------------------------------------------------------------------------------------------------

method: Microbial, sim_duration: 10, pop_size: 30, gen_size: 5000, weight_search: 0.5, 

=======================================================================================================

Gen: 0 Fitness: -0.020081505803915434 Weights: array([[ 0.12950551,  0.12310642,  0.42766213, -0.33778349,  0.17212903,
         0.3280716 ],
       [-0.27595888,  0.13797537,  0.06163905,  0.31047094, -0.32898868,
         0.33027476],
       [-0.09451961, -0.38937558, -0.32734158,  0.47856122,  0.36745799,
         0.10753086],
       [-0.38425367,  0.16401246, -0.30093044, -0.15599817, -0.38430099,
        -0.07075381],
       [ 0.19880064, -0.0088201 ,  0.01597209, -0.12376078,  0.23799075,
        -0.47308702],
       [ 0.29564548, -0.32186263, -0.46096938,  0.07430188,  0.22287339,
         0.25190188]]) 

Gen: 1 Fitness: 3.997687964375622 Weights: array([[ 0.28471812,  0.34337075, -0.30852258,  0.32436413, -0.49256736,
         0.39599908],
       [ 0.01742574,  0.33472079,  0.33054706, -0.43755902, -0.48088982,
         0.03415609],
       [-0.08451961, -0.37937558, -0.31734158,  0.48856122,  0.37745799,
         0.11753086],
       [-0.38425367,  0.16401246, -0.30093044, -0.15599817, -0.38430099,
        -0.07075381],
       [-0.17291745,  0.03167171, -0.01784583,  0.3769755 , -0.18403591,
         0.00747482],
       [ 0.20254291, -0.23586262, -0.00915265, -0.12862449, -0.26924942,
         0.24748825]]) 

Gen: 2 Fitness: 5.372294823883301 Weights: array([[-0.34916693, -0.1557017 ,  0.13186181, -0.28379049, -0.15785407,
         0.23910576],
       [-0.27595888,  0.13797537,  0.06163905,  0.31047094, -0.32898868,
         0.33027476],
       [-0.09010886,  0.07853091,  0.25499109,  0.25576235,  0.0208878 ,
         0.24421838],
       [ 0.18430155,  0.40295802,  0.47809084, -0.10941562,  0.10120084,
         0.07345141],
       [ 0.19880064, -0.0088201 ,  0.01597209, -0.12376078,  0.23799075,
        -0.47308702],
       [ 0.48628279,  0.31194613, -0.26801471,  0.19775842, -0.33375319,
         0.25508778]]) 

Gen: 10 Fitness: 30.876134835958638 Weights: array([[ 0.26471812,  0.32337075, -0.32852258,  0.30436413, -0.51256736,
         0.37599908],
       [ 0.08084747,  0.30511889,  0.23956282, -0.02140537,  0.34967377,
         0.33604954],
       [-0.09010886,  0.07853091,  0.25499109,  0.25576235,  0.0208878 ,
         0.24421838],
       [-0.301693  ,  0.09312163, -0.45399939, -0.2840529 , -0.04333971,
        -0.19537169],
       [-0.18291745,  0.02167171, -0.02784583,  0.3669755 , -0.19403591,
        -0.00252518],
       [ 0.46628279,  0.29194613, -0.28801471,  0.17775842, -0.35375319,
         0.23508778]]) 

Gen: 20 Fitness: 43.86551034420042 Weights: array([[ 0.27086091,  0.49261016,  0.17437927, -0.04761382,  0.07982145,
         0.08351023],
       [ 0.2025026 , -0.22359392, -0.47721193, -0.12988958, -0.49156535,
         0.19643046],
       [ 0.17980702, -0.03168151, -0.25187564, -0.23454034,  0.34404327,
        -0.42180962],
       [-0.42425367,  0.12401246, -0.34093044, -0.19599817, -0.42430099,
        -0.11075381],
       [-0.2042023 , -0.33623633,  0.24222368,  0.32228163,  0.37359995,
         0.17211657],
       [ 0.4021129 , -0.23608742, -0.36075298,  0.27303203,  0.06993548,
         0.27555571]]) 

Gen: 23 Fitness: 43.96435281240524 Weights: array([[ 0.27471812,  0.33337075, -0.31852258,  0.31436413, -0.50256736,
         0.38599908],
       [-0.16183252,  0.30373408, -0.04471135,  0.44191043, -0.38050391,
        -0.46196823],
       [-0.1093287 ,  0.43973113,  0.10430089, -0.10031051, -0.1911911 ,
         0.42008499],
       [-0.291693  ,  0.10312163, -0.44399939, -0.2740529 , -0.03333971,
        -0.18537169],
       [-0.14322422,  0.15262252,  0.19146387,  0.27837021,  0.05407538,
         0.4393542 ],
       [ 0.4321129 , -0.20608742, -0.33075298,  0.30303203,  0.09993548,
         0.30555571]]) 

Gen: 24 Fitness: 48.52503323937181 Weights: array([[ 0.27471812,  0.33337075, -0.31852258,  0.31436413, -0.50256736,
         0.38599908],
       [ 0.2125026 , -0.21359392, -0.46721193, -0.11988958, -0.48156535,
         0.20643046],
       [-0.09010886,  0.07853091,  0.25499109,  0.25576235,  0.0208878 ,
         0.24421838],
       [ 0.17430155,  0.39295802,  0.46809084, -0.11941562,  0.09120084,
         0.06345141],
       [-0.19291745,  0.01167171, -0.03784583,  0.3569755 , -0.20403591,
        -0.01252518],
       [ 0.47628279,  0.30194613, -0.27801471,  0.18775842, -0.34375319,
         0.24508778]]) 

Gen: 27 Fitness: 53.86242922348404 Weights: array([[ 0.26471812,  0.32337075, -0.32852258,  0.30436413, -0.51256736,
         0.37599908],
       [-0.0120232 ,  0.26152196,  0.41788567, -0.02627137,  0.2354008 ,
        -0.46463081],
       [-0.09010886,  0.07853091,  0.25499109,  0.25576235,  0.0208878 ,
         0.24421838],
       [-0.311693  ,  0.08312163, -0.46399939, -0.2940529 , -0.05333971,
        -0.20537169],
       [-0.18291745,  0.02167171, -0.02784583,  0.3669755 , -0.19403591,
        -0.00252518],
       [ 0.45628279,  0.28194613, -0.29801471,  0.16775842, -0.36375319,
         0.22508778]]) 

Gen: 28 Fitness: 54.091128682329426 Weights: array([[ 0.26471812,  0.32337075, -0.32852258,  0.30436413, -0.51256736,
         0.37599908],
       [-0.0120232 ,  0.26152196,  0.41788567, -0.02627137,  0.2354008 ,
        -0.46463081],
       [-0.09010886,  0.07853091,  0.25499109,  0.25576235,  0.0208878 ,
         0.24421838],
       [-0.301693  ,  0.09312163, -0.45399939, -0.2840529 , -0.04333971,
        -0.19537169],
       [-0.17291745,  0.03167171, -0.01784583,  0.3769755 , -0.18403591,
         0.00747482],
       [ 0.44628279,  0.27194613, -0.30801471,  0.15775842, -0.37375319,
         0.21508778]]) 

Gen: 35 Fitness: 55.272773620472435 Weights: array([[ 0.23471812,  0.29337075, -0.35852258,  0.27436413, -0.54256736,
         0.34599908],
       [-0.0120232 ,  0.26152196,  0.41788567, -0.02627137,  0.2354008 ,
        -0.46463081],
       [-0.08010886,  0.08853091,  0.26499109,  0.26576235,  0.0308878 ,
         0.25421838],
       [-0.311693  ,  0.08312163, -0.46399939, -0.2940529 , -0.05333971,
        -0.20537169],
       [-0.17291745,  0.03167171, -0.01784583,  0.3769755 , -0.18403591,
         0.00747482],
       [ 0.45628279,  0.28194613, -0.29801471,  0.16775842, -0.36375319,
         0.22508778]]) 

Gen: 41 Fitness: 61.52323849585306 Weights: array([[ 0.25471812,  0.31337075, -0.33852258,  0.29436413, -0.52256736,
         0.36599908],
       [ 0.1925026 , -0.23359392, -0.48721193, -0.13988958, -0.50156535,
         0.18643046],
       [-0.08010886,  0.08853091,  0.26499109,  0.26576235,  0.0308878 ,
         0.25421838],
       [ 0.16430155,  0.38295802,  0.45809084, -0.12941562,  0.08120084,
         0.05345141],
       [-0.20291745,  0.00167171, -0.04784583,  0.3469755 , -0.21403591,
        -0.02252518],
       [ 0.46628279,  0.29194613, -0.28801471,  0.17775842, -0.35375319,
         0.23508778]]) 

Gen: 98 Fitness: 65.70490077657377 Weights: array([[ 0.26471812,  0.32337075, -0.32852258,  0.30436413, -0.51256736,
         0.37599908],
       [ 0.1825026 , -0.24359392, -0.49721193, -0.14988958, -0.51156535,
         0.17643046],
       [-0.08010886,  0.08853091,  0.26499109,  0.26576235,  0.0308878 ,
         0.25421838],
       [ 0.16430155,  0.38295802,  0.45809084, -0.12941562,  0.08120084,
         0.05345141],
       [-0.20291745,  0.00167171, -0.04784583,  0.3469755 , -0.21403591,
        -0.02252518],
       [ 0.47628279,  0.30194613, -0.27801471,  0.18775842, -0.34375319,
         0.24508778]]) 

Gen: 763 Fitness: 68.7028004085318 Weights: array([[ 0.26471812,  0.32337075, -0.32852258,  0.30436413, -0.51256736,
         0.37599908],
       [ 0.1825026 , -0.24359392, -0.49721193, -0.14988958, -0.51156535,
         0.17643046],
       [-0.08010886,  0.08853091,  0.26499109,  0.26576235,  0.0308878 ,
         0.25421838],
       [ 0.16430155,  0.38295802,  0.45809084, -0.12941562,  0.08120084,
         0.05345141],
       [-0.20291745,  0.00167171, -0.04784583,  0.3469755 , -0.21403591,
        -0.02252518],
       [ 0.46628279,  0.29194613, -0.28801471,  0.17775842, -0.35375319,
         0.23508778]]) 

Gen: 770 Fitness: 69.1870009804546 Weights: array([[ 0.26471812,  0.32337075, -0.32852258,  0.30436413, -0.51256736,
         0.37599908],
       [ 0.1825026 , -0.24359392, -0.49721193, -0.14988958, -0.51156535,
         0.17643046],
       [-0.08010886,  0.08853091,  0.26499109,  0.26576235,  0.0308878 ,
         0.25421838],
       [ 0.16430155,  0.38295802,  0.45809084, -0.12941562,  0.08120084,
         0.05345141],
       [-0.20291745,  0.00167171, -0.04784583,  0.3469755 , -0.21403591,
        -0.02252518],
       [ 0.45628279,  0.28194613, -0.29801471,  0.16775842, -0.36375319,
         0.22508778]]) 

Gen: 965 Fitness: 69.60255640816732 Weights: array([[ 0.26471812,  0.32337075, -0.32852258,  0.30436413, -0.51256736,
         0.37599908],
       [ 0.1825026 , -0.24359392, -0.49721193, -0.14988958, -0.51156535,
         0.17643046],
       [-0.10010886,  0.06853091,  0.24499109,  0.24576235,  0.0108878 ,
         0.23421838],
       [ 0.15430155,  0.37295802,  0.44809084, -0.13941562,  0.07120084,
         0.04345141],
       [-0.19291745,  0.01167171, -0.03784583,  0.3569755 , -0.20403591,
        -0.01252518],
       [ 0.46628279,  0.29194613, -0.28801471,  0.17775842, -0.35375319,
         0.23508778]]) 

Gen: 1023 Fitness: 74.6574926412174 Weights: array([[ 0.26471812,  0.32337075, -0.32852258,  0.30436413, -0.51256736,
         0.37599908],
       [ 0.1825026 , -0.24359392, -0.49721193, -0.14988958, -0.51156535,
         0.17643046],
       [-0.12010886,  0.04853091,  0.22499109,  0.22576235, -0.0091122 ,
         0.21421838],
       [ 0.15430155,  0.37295802,  0.44809084, -0.13941562,  0.07120084,
         0.04345141],
       [-0.17291745,  0.03167171, -0.01784583,  0.3769755 , -0.18403591,
         0.00747482],
       [ 0.45628279,  0.28194613, -0.29801471,  0.16775842, -0.36375319,
         0.22508778]]) 

Gen: 1328 Fitness: 77.49441465516355 Weights: array([[ 0.20471812,  0.26337075, -0.38852258,  0.24436413, -0.57256736,
         0.31599908],
       [ 0.1825026 , -0.24359392, -0.49721193, -0.14988958, -0.51156535,
         0.17643046],
       [-0.20010886, -0.03146909,  0.14499109,  0.14576235, -0.0891122 ,
         0.13421838],
       [ 0.21430155,  0.43295802,  0.50809084, -0.07941562,  0.13120084,
         0.10345141],
       [-0.19291745,  0.01167171, -0.03784583,  0.3569755 , -0.20403591,
        -0.01252518],
       [ 0.52628279,  0.35194613, -0.22801471,  0.23775842, -0.29375319,
         0.29508778]]) 

Gen: 1353 Fitness: 82.3523192012446 Weights: array([[ 0.19471812,  0.25337075, -0.39852258,  0.23436413, -0.58256736,
         0.30599908],
       [ 0.1825026 , -0.24359392, -0.49721193, -0.14988958, -0.51156535,
         0.17643046],
       [-0.21010886, -0.04146909,  0.13499109,  0.13576235, -0.0991122 ,
         0.12421838],
       [ 0.23430155,  0.45295802,  0.52809084, -0.05941562,  0.15120084,
         0.12345141],
       [-0.19291745,  0.01167171, -0.03784583,  0.3569755 , -0.20403591,
        -0.01252518],
       [ 0.56628279,  0.39194613, -0.18801471,  0.27775842, -0.25375319,
         0.33508778]]) 

Gen: 1367 Fitness: 94.649136400424 Weights: array([[ 0.19471812,  0.25337075, -0.39852258,  0.23436413, -0.58256736,
         0.30599908],
       [ 0.1825026 , -0.24359392, -0.49721193, -0.14988958, -0.51156535,
         0.17643046],
       [-0.22010886, -0.05146909,  0.12499109,  0.12576235, -0.1091122 ,
         0.11421838],
       [ 0.25430155,  0.47295802,  0.54809084, -0.03941562,  0.17120084,
         0.14345141],
       [-0.17291745,  0.03167171, -0.01784583,  0.3769755 , -0.18403591,
         0.00747482],
       [ 0.57628279,  0.40194613, -0.17801471,  0.28775842, -0.24375319,
         0.34508778]]) 

Gen: 1379 Fitness: 99.05713064035577 Weights: array([[ 0.17471812,  0.23337075, -0.41852258,  0.21436413, -0.60256736,
         0.28599908],
       [ 0.1625026 , -0.26359392, -0.51721193, -0.16988958, -0.53156535,
         0.15643046],
       [-0.20010886, -0.03146909,  0.14499109,  0.14576235, -0.0891122 ,
         0.13421838],
       [ 0.24430155,  0.46295802,  0.53809084, -0.04941562,  0.16120084,
         0.13345141],
       [-0.17291745,  0.03167171, -0.01784583,  0.3769755 , -0.18403591,
         0.00747482],
       [ 0.60628279,  0.43194613, -0.14801471,  0.31775842, -0.21375319,
         0.37508778]]) 

Gen: 1396 Fitness: 101.61785791599432 Weights: array([[ 0.19471812,  0.25337075, -0.39852258,  0.23436413, -0.58256736,
         0.30599908],
       [ 0.1525026 , -0.27359392, -0.52721193, -0.17988958, -0.54156535,
         0.14643046],
       [-0.20010886, -0.03146909,  0.14499109,  0.14576235, -0.0891122 ,
         0.13421838],
       [ 0.26430155,  0.48295802,  0.55809084, -0.02941562,  0.18120084,
         0.15345141],
       [-0.17291745,  0.03167171, -0.01784583,  0.3769755 , -0.18403591,
         0.00747482],
       [ 0.53628279,  0.36194613, -0.21801471,  0.24775842, -0.28375319,
         0.30508778]]) 

Gen: 1397 Fitness: 107.04827718245178 Weights: array([[ 0.18471812,  0.24337075, -0.40852258,  0.22436413, -0.59256736,
         0.29599908],
       [ 0.1725026 , -0.25359392, -0.50721193, -0.15988958, -0.52156535,
         0.16643046],
       [-0.22010886, -0.05146909,  0.12499109,  0.12576235, -0.1091122 ,
         0.11421838],
       [ 0.22430155,  0.44295802,  0.51809084, -0.06941562,  0.14120084,
         0.11345141],
       [-0.17291745,  0.03167171, -0.01784583,  0.3769755 , -0.18403591,
         0.00747482],
       [ 0.64628279,  0.47194613, -0.10801471,  0.35775842, -0.17375319,
         0.41508778]]) 

Gen: 1403 Fitness: 115.4150460954414 Weights: array([[ 0.16471812,  0.22337075, -0.42852258,  0.20436413, -0.61256736,
         0.27599908],
       [ 0.1625026 , -0.26359392, -0.51721193, -0.16988958, -0.53156535,
         0.15643046],
       [-0.24010886, -0.07146909,  0.10499109,  0.10576235, -0.1291122 ,
         0.09421838],
       [ 0.21430155,  0.43295802,  0.50809084, -0.07941562,  0.13120084,
         0.10345141],
       [-0.15291745,  0.05167171,  0.00215417,  0.3969755 , -0.16403591,
         0.02747482],
       [ 0.66628279,  0.49194613, -0.08801471,  0.37775842, -0.15375319,
         0.43508778]]) 

Gen: 1442 Fitness: 125.965939045273 Weights: array([[ 0.14471812,  0.20337075, -0.44852258,  0.18436413, -0.63256736,
         0.25599908],
       [ 0.1625026 , -0.26359392, -0.51721193, -0.16988958, -0.53156535,
         0.15643046],
       [-0.24010886, -0.07146909,  0.10499109,  0.10576235, -0.1291122 ,
         0.09421838],
       [ 0.21430155,  0.43295802,  0.50809084, -0.07941562,  0.13120084,
         0.10345141],
       [-0.14291745,  0.06167171,  0.01215417,  0.4069755 , -0.15403591,
         0.03747482],
       [ 0.67628279,  0.50194613, -0.07801471,  0.38775842, -0.14375319,
         0.44508778]]) 

Gen: 1472 Fitness: 128.14204265913017 Weights: array([[ 0.14471812,  0.20337075, -0.44852258,  0.18436413, -0.63256736,
         0.25599908],
       [ 0.1325026 , -0.29359392, -0.54721193, -0.19988958, -0.56156535,
         0.12643046],
       [-0.24010886, -0.07146909,  0.10499109,  0.10576235, -0.1291122 ,
         0.09421838],
       [ 0.21430155,  0.43295802,  0.50809084, -0.07941562,  0.13120084,
         0.10345141],
       [-0.13291745,  0.07167171,  0.02215417,  0.4169755 , -0.14403591,
         0.04747482],
       [ 0.68628279,  0.51194613, -0.06801471,  0.39775842, -0.13375319,
         0.45508778]]) 

Gen: 1496 Fitness: 131.9448928222855 Weights: array([[ 0.12471812,  0.18337075, -0.46852258,  0.16436413, -0.65256736,
         0.23599908],
       [ 0.1225026 , -0.30359392, -0.55721193, -0.20988958, -0.57156535,
         0.11643046],
       [-0.24010886, -0.07146909,  0.10499109,  0.10576235, -0.1291122 ,
         0.09421838],
       [ 0.21430155,  0.43295802,  0.50809084, -0.07941562,  0.13120084,
         0.10345141],
       [-0.12291745,  0.08167171,  0.03215417,  0.4269755 , -0.13403591,
         0.05747482],
       [ 0.67628279,  0.50194613, -0.07801471,  0.38775842, -0.14375319,
         0.44508778]]) 

Gen: 1541 Fitness: 132.3318853651998 Weights: array([[ 0.14471812,  0.20337075, -0.44852258,  0.18436413, -0.63256736,
         0.25599908],
       [ 0.1525026 , -0.27359392, -0.52721193, -0.17988958, -0.54156535,
         0.14643046],
       [-0.24010886, -0.07146909,  0.10499109,  0.10576235, -0.1291122 ,
         0.09421838],
       [ 0.23430155,  0.45295802,  0.52809084, -0.05941562,  0.15120084,
         0.12345141],
       [-0.13291745,  0.07167171,  0.02215417,  0.4169755 , -0.14403591,
         0.04747482],
       [ 0.71628279,  0.54194613, -0.03801471,  0.42775842, -0.10375319,
         0.48508778]]) 

Gen: 1604 Fitness: 142.6969800226251 Weights: array([[ 0.16471812,  0.22337075, -0.42852258,  0.20436413, -0.61256736,
         0.27599908],
       [ 0.1525026 , -0.27359392, -0.52721193, -0.17988958, -0.54156535,
         0.14643046],
       [-0.25010886, -0.08146909,  0.09499109,  0.09576235, -0.1391122 ,
         0.08421838],
       [ 0.21430155,  0.43295802,  0.50809084, -0.07941562,  0.13120084,
         0.10345141],
       [-0.14291745,  0.06167171,  0.01215417,  0.4069755 , -0.15403591,
         0.03747482],
       [ 0.71628279,  0.54194613, -0.03801471,  0.42775842, -0.10375319,
         0.48508778]]) 

Gen: 1702 Fitness: 145.93101195872157 Weights: array([[ 0.15471812,  0.21337075, -0.43852258,  0.19436413, -0.62256736,
         0.26599908],
       [ 0.1425026 , -0.28359392, -0.53721193, -0.18988958, -0.55156535,
         0.13643046],
       [-0.24010886, -0.07146909,  0.10499109,  0.10576235, -0.1291122 ,
         0.09421838],
       [ 0.21430155,  0.43295802,  0.50809084, -0.07941562,  0.13120084,
         0.10345141],
       [-0.14291745,  0.06167171,  0.01215417,  0.4069755 , -0.15403591,
         0.03747482],
       [ 0.71628279,  0.54194613, -0.03801471,  0.42775842, -0.10375319,
         0.48508778]]) 

Gen: 2148 Fitness: 147.7920608052754 Weights: array([[ 0.18471812,  0.24337075, -0.40852258,  0.22436413, -0.59256736,
         0.29599908],
       [ 0.1425026 , -0.28359392, -0.53721193, -0.18988958, -0.55156535,
         0.13643046],
       [-0.25010886, -0.08146909,  0.09499109,  0.09576235, -0.1391122 ,
         0.08421838],
       [ 0.21430155,  0.43295802,  0.50809084, -0.07941562,  0.13120084,
         0.10345141],
       [-0.15291745,  0.05167171,  0.00215417,  0.3969755 , -0.16403591,
         0.02747482],
       [ 0.72628279,  0.55194613, -0.02801471,  0.43775842, -0.09375319,
         0.49508778]]) 

