
Generation: 305 
 - Generation Avg Fit: 2836.898529560529 
 - Best Fitness: 5767.182661439958 
 - Worst Fitness: 0.24736323810788785
 - Best Solution: array([-0.47973169,  0.09144511, -0.36752359, -0.25511412, -0.29187251,
       -0.08644401,  0.39827972,  0.37183877,  0.31629625, -0.05011146,
        0.25011952, -0.29855968,  0.3779093 ,  0.27691902,  0.14288203,
       -0.47354985,  0.16278056, -0.25777636,  0.04461871,  0.39377082,
       -0.0995794 , -0.03834185, -0.05131303, -0.05951318, -0.46988766,
       -0.23842635, -0.18433745,  0.33585207, -0.30789485, -0.05294253,
        0.18394959,  0.16244114,  0.15878327, -0.24704292, -0.36315224,
       -0.30433853,  0.31061008, -0.4462258 ,  0.42142521, -0.2013131 ,
       -0.34009643,  0.14225945,  0.48163321, -0.01808399,  0.20152594,
        0.04269069,  0.41213841, -0.03939191, -0.23172602, -0.01342465,
       -0.10049153, -0.26060516,  0.0086099 ,  0.0894912 ,  0.49305596,
       -0.18007238, -0.45472367, -0.01586286,  0.16359833,  0.16902789,
       -0.21411017,  0.48859509,  0.18016805, -0.22292144]) 

Generation: 306 
 - Generation Avg Fit: 2836.917292943089 
 - Best Fitness: 5767.182661439958 
 - Worst Fitness: 0.17166780698113362
 - Best Solution: array([-0.47973169,  0.09144511, -0.36752359, -0.25511412, -0.29187251,
       -0.08644401,  0.39827972,  0.37183877,  0.31629625, -0.05011146,
        0.25011952, -0.29855968,  0.3779093 ,  0.27691902,  0.14288203,
       -0.47354985,  0.16278056, -0.25777636,  0.04461871,  0.39377082,
       -0.0995794 , -0.03834185, -0.05131303, -0.05951318, -0.46988766,
       -0.23842635, -0.18433745,  0.33585207, -0.30789485, -0.05294253,
        0.18394959,  0.16244114,  0.15878327, -0.24704292, -0.36315224,
       -0.30433853,  0.31061008, -0.4462258 ,  0.42142521, -0.2013131 ,
       -0.34009643,  0.14225945,  0.48163321, -0.01808399,  0.20152594,
        0.04269069,  0.41213841, -0.03939191, -0.23172602, -0.01342465,
       -0.10049153, -0.26060516,  0.0086099 ,  0.0894912 ,  0.49305596,
       -0.18007238, -0.45472367, -0.01586286,  0.16359833,  0.16902789,
       -0.21411017,  0.48859509,  0.18016805, -0.22292144]) 
