Gen: 0 Fitness: 149.0214982661056 Weights: array([[ 0.17922898,  0.24309711, -0.0363365 , -0.3359035 , -0.42062125,
        -0.32604995],
       [-0.03633496, -0.33378508, -0.15688152,  0.05024698, -0.23039398,
        -0.18448475],
       [ 0.42357219, -0.3171247 , -0.41104027, -0.36128286, -0.20553493,
         0.3789171 ],
       [-0.3475228 ,  0.09556634, -0.4275596 , -0.42169202, -0.2991846 ,
         0.24830699],
       [-0.49370887,  0.47460775,  0.35033733,  0.18952069,  0.44210948,
        -0.49388751],
       [ 0.38885865,  0.47604126,  0.26174192, -0.26887614,  0.27896393,
        -0.06099416]]) 

Gen: 0 Fitness: 121.88286072585134 Weights: array([[ 0.58666976,  0.79822104,  0.28340756, -0.43723283, -0.01433296,
        -0.96104311],
       [-0.21997099,  0.03733269, -0.89894517, -0.56983429, -0.39672676,
         0.59327813],
       [-0.04717477, -0.97228525, -0.12670644, -0.79072814,  0.39765344,
         0.78097546],
       [ 0.29543223,  0.70214906,  0.034691  ,  0.47035747,  0.15382469,
        -0.77302187],
       [ 0.61844283,  0.25474784, -0.17766951, -0.35879413,  0.7242222 ,
        -0.75796284],
       [-0.00559356, -0.77256019, -0.66142266,  0.17108537, -0.1657289 ,
        -0.62015905]]) 

Gen: 37 Fitness: 1924.6053902342976 Weights: array([[-0.82742372, -0.55608505, -0.17624614,  0.68042899, -0.01775737,
         0.39988845],
       [ 0.43946498, -0.01026526,  0.04596448, -0.82411293,  0.50684166,
         0.53662215],
       [ 0.5134175 ,  0.11333924,  0.78423337, -0.74059129,  0.19102186,
        -0.42467025],
       [-0.74646907,  0.57918579,  0.59267882,  0.90848655, -0.13002756,
        -0.13515997],
       [ 0.92955691,  0.72724805,  0.60626504, -0.49474089,  0.78846491,
         0.06852736],
       [-0.74858305, -0.25933497, -0.84033418, -0.55898645, -0.06619533,
         0.38383379]]) 

Gen: 0 Fitness: 0.6662558791685598 Weights: array([[ 0.519705  ,  0.09538139, -0.80421061,  0.61875398, -0.03057156,
         0.7319538 ],
       [-0.42162921, -0.47322225,  0.61815019,  0.07524169,  0.01002988,
         0.24550724],
       [ 0.65960935,  0.08628516, -0.92573982, -0.05796395,  0.47110523,
         0.88947742],
       [-0.20969387,  0.00165511,  0.74825264,  0.73501142, -0.7152526 ,
         0.7241401 ],
       [ 0.12829965,  0.10428585, -0.18468533,  0.95890703,  0.04735262,
         0.90478235],
       [-0.17121458, -0.00602649, -0.75027687, -0.81223157,  0.41641245,
        -0.75989123]]) 

Gen: 4 Fitness: 77.66019554706308 Weights: array([[-0.13211945, -0.12708607,  0.70289423, -0.11252113,  0.17948981,
        -0.43210138],
       [ 0.22375891,  0.45842275,  0.31235288, -0.05950521,  0.1467332 ,
         0.13133425],
       [-0.47497447, -0.74064544, -0.39511781,  0.66672267, -0.28002624,
        -0.27902921],
       [ 0.31426625, -0.11112104,  0.7713982 , -0.65471962, -0.848101  ,
        -0.06695735],
       [-0.61072604, -0.78760156,  0.21417729,  0.76351137, -0.81578507,
         0.32742035],
       [-0.59617686, -0.33393926,  0.82145475, -0.22543832, -0.54213912,
         0.70584568]]) 

Gen: 179 Fitness: 252.81987102390906 Weights: array([[ 0.41614771, -0.19483914,  0.43747939, -0.03279233, -0.41417765,
        -0.08541021],
       [ 0.44368913, -0.32156443,  0.00549583, -0.12905971, -0.10313408,
        -0.18988195],
       [ 0.3575578 ,  0.15976873, -0.1349671 , -0.05215002, -0.01344411,
         0.30552451],
       [-0.26081223,  0.16174393, -0.0993657 , -0.42042643,  0.43296365,
        -0.17969984],
       [ 0.16254286,  0.46495674, -0.28163494, -0.07005114,  0.07197439,
        -0.00631447],
       [ 0.03293258, -0.51829957,  0.10676179,  0.3506291 , -0.42564181,
        -0.34705996]]) 

Gen: 186 Fitness: 252.90470550999453 Weights: array([[ 0.39614771, -0.21483914,  0.41747939, -0.05279233, -0.43417765,
        -0.10541021],
       [ 0.42368913, -0.34156443, -0.01450417, -0.14905971, -0.12313408,
        -0.20988195],
       [ 0.3575578 ,  0.15976873, -0.1349671 , -0.05215002, -0.01344411,
         0.30552451],
       [-0.25081223,  0.17174393, -0.0893657 , -0.41042643,  0.44296365,
        -0.16969984],
       [ 0.15254286,  0.45495674, -0.29163494, -0.08005114,  0.06197439,
        -0.01631447],
       [ 0.03293258, -0.51829957,  0.10676179,  0.3506291 , -0.42564181,
        -0.34705996]]) 

Gen: 209 Fitness: 253.56584826241644 Weights: array([[ 0.37614771, -0.23483914,  0.39747939, -0.07279233, -0.45417765,
        -0.12541021],
       [ 0.41368913, -0.35156443, -0.02450417, -0.15905971, -0.13313408,
        -0.21988195],
       [ 0.3675578 ,  0.16976873, -0.1249671 , -0.04215002, -0.00344411,
         0.31552451],
       [-0.24081223,  0.18174393, -0.0793657 , -0.40042643,  0.45296365,
        -0.15969984],
       [ 0.11254286,  0.41495674, -0.33163494, -0.12005114,  0.02197439,
        -0.05631447],
       [ 0.03293258, -0.51829957,  0.10676179,  0.3506291 , -0.42564181,
        -0.34705996]]) 

Gen: 216 Fitness: 253.62690141155161 Weights: array([[ 0.37614771, -0.23483914,  0.39747939, -0.07279233, -0.45417765,
        -0.12541021],
       [ 0.42368913, -0.34156443, -0.01450417, -0.14905971, -0.12313408,
        -0.20988195],
       [ 0.3375578 ,  0.13976873, -0.1549671 , -0.07215002, -0.03344411,
         0.28552451],
       [-0.25081223,  0.17174393, -0.0893657 , -0.41042643,  0.44296365,
        -0.16969984],
       [ 0.18254286,  0.48495674, -0.26163494, -0.05005114,  0.09197439,
         0.01368553],
       [ 0.03293258, -0.51829957,  0.10676179,  0.3506291 , -0.42564181,
        -0.34705996]]) 

Gen: 222 Fitness: 254.14703885665338 Weights: array([[ 0.39614771, -0.21483914,  0.41747939, -0.05279233, -0.43417765,
        -0.10541021],
       [ 0.43368913, -0.33156443, -0.00450417, -0.13905971, -0.11313408,
        -0.19988195],
       [ 0.3575578 ,  0.15976873, -0.1349671 , -0.05215002, -0.01344411,
         0.30552451],
       [-0.23081223,  0.19174393, -0.0693657 , -0.39042643,  0.46296365,
        -0.14969984],
       [ 0.15254286,  0.45495674, -0.29163494, -0.08005114,  0.06197439,
        -0.01631447],
       [ 0.00293258, -0.54829957,  0.07676179,  0.3206291 , -0.45564181,
        -0.37705996]]) 

Gen: 223 Fitness: 257.97040925662736 Weights: array([[ 0.38614771, -0.22483914,  0.40747939, -0.06279233, -0.44417765,
        -0.11541021],
       [ 0.42368913, -0.34156443, -0.01450417, -0.14905971, -0.12313408,
        -0.20988195],
       [ 0.3475578 ,  0.14976873, -0.1449671 , -0.06215002, -0.02344411,
         0.29552451],
       [-0.23081223,  0.19174393, -0.0693657 , -0.39042643,  0.46296365,
        -0.14969984],
       [ 0.14254286,  0.44495674, -0.30163494, -0.09005114,  0.05197439,
        -0.02631447],
       [ 0.02293258, -0.52829957,  0.09676179,  0.3406291 , -0.43564181,
        -0.35705996]]) 

Gen: 229 Fitness: 258.35582126593437 Weights: array([[ 0.37614771, -0.23483914,  0.39747939, -0.07279233, -0.45417765,
        -0.12541021],
       [ 0.40368913, -0.36156443, -0.03450417, -0.16905971, -0.14313408,
        -0.22988195],
       [ 0.3375578 ,  0.13976873, -0.1549671 , -0.07215002, -0.03344411,
         0.28552451],
       [-0.23081223,  0.19174393, -0.0693657 , -0.39042643,  0.46296365,
        -0.14969984],
       [ 0.16254286,  0.46495674, -0.28163494, -0.07005114,  0.07197439,
        -0.00631447],
       [ 0.03293258, -0.51829957,  0.10676179,  0.3506291 , -0.42564181,
        -0.34705996]]) 

Gen: 235 Fitness: 258.7158509328842 Weights: array([[ 0.37614771, -0.23483914,  0.39747939, -0.07279233, -0.45417765,
        -0.12541021],
       [ 0.41368913, -0.35156443, -0.02450417, -0.15905971, -0.13313408,
        -0.21988195],
       [ 0.3475578 ,  0.14976873, -0.1449671 , -0.06215002, -0.02344411,
         0.29552451],
       [-0.24081223,  0.18174393, -0.0793657 , -0.40042643,  0.45296365,
        -0.15969984],
       [ 0.13254286,  0.43495674, -0.31163494, -0.10005114,  0.04197439,
        -0.03631447],
       [ 0.04293258, -0.50829957,  0.11676179,  0.3606291 , -0.41564181,
        -0.33705996]]) 

Gen: 274 Fitness: 260.1435998111962 Weights: array([[ 0.37614771, -0.23483914,  0.39747939, -0.07279233, -0.45417765,
        -0.12541021],
       [ 0.45368913, -0.31156443,  0.01549583, -0.11905971, -0.09313408,
        -0.17988195],
       [ 0.3475578 ,  0.14976873, -0.1449671 , -0.06215002, -0.02344411,
         0.29552451],
       [-0.23081223,  0.19174393, -0.0693657 , -0.39042643,  0.46296365,
        -0.14969984],
       [ 0.16254286,  0.46495674, -0.28163494, -0.07005114,  0.07197439,
        -0.00631447],
       [-0.01706742, -0.56829957,  0.05676179,  0.3006291 , -0.47564181,
        -0.39705996]]) 

Gen: 325 Fitness: 261.94616752160806 Weights: array([[ 0.32614771, -0.28483914,  0.34747939, -0.12279233, -0.50417765,
        -0.17541021],
       [ 0.41368913, -0.35156443, -0.02450417, -0.15905971, -0.13313408,
        -0.21988195],
       [ 0.3375578 ,  0.13976873, -0.1549671 , -0.07215002, -0.03344411,
         0.28552451],
       [-0.21081223,  0.21174393, -0.0493657 , -0.37042643,  0.48296365,
        -0.12969984],
       [ 0.10254286,  0.40495674, -0.34163494, -0.13005114,  0.01197439,
        -0.06631447],
       [ 0.01293258, -0.53829957,  0.08676179,  0.3306291 , -0.44564181,
        -0.36705996]]) 

Gen: 328 Fitness: 263.15566836411324 Weights: array([[ 0.32614771, -0.28483914,  0.34747939, -0.12279233, -0.50417765,
        -0.17541021],
       [ 0.38368913, -0.38156443, -0.05450417, -0.18905971, -0.16313408,
        -0.24988195],
       [ 0.3475578 ,  0.14976873, -0.1449671 , -0.06215002, -0.02344411,
         0.29552451],
       [-0.20081223,  0.22174393, -0.0393657 , -0.36042643,  0.49296365,
        -0.11969984],
       [ 0.12254286,  0.42495674, -0.32163494, -0.11005114,  0.03197439,
        -0.04631447],
       [ 0.00293258, -0.54829957,  0.07676179,  0.3206291 , -0.45564181,
        -0.37705996]]) 

Gen: 424 Fitness: 264.9229344860664 Weights: array([[ 0.31614771, -0.29483914,  0.33747939, -0.13279233, -0.51417765,
        -0.18541021],
       [ 0.40368913, -0.36156443, -0.03450417, -0.16905971, -0.14313408,
        -0.22988195],
       [ 0.3375578 ,  0.13976873, -0.1549671 , -0.07215002, -0.03344411,
         0.28552451],
       [-0.20081223,  0.22174393, -0.0393657 , -0.36042643,  0.49296365,
        -0.11969984],
       [ 0.13254286,  0.43495674, -0.31163494, -0.10005114,  0.04197439,
        -0.03631447],
       [-0.00706742, -0.55829957,  0.06676179,  0.3106291 , -0.46564181,
        -0.38705996]]) 

Gen: 468 Fitness: 266.28947545083184 Weights: array([[ 0.32614771, -0.28483914,  0.34747939, -0.12279233, -0.50417765,
        -0.17541021],
       [ 0.40368913, -0.36156443, -0.03450417, -0.16905971, -0.14313408,
        -0.22988195],
       [ 0.3275578 ,  0.12976873, -0.1649671 , -0.08215002, -0.04344411,
         0.27552451],
       [-0.19081223,  0.23174393, -0.0293657 , -0.35042643,  0.50296365,
        -0.10969984],
       [ 0.10254286,  0.40495674, -0.34163494, -0.13005114,  0.01197439,
        -0.06631447],
       [ 0.00293258, -0.54829957,  0.07676179,  0.3206291 , -0.45564181,
        -0.37705996]]) 

Gen: 482 Fitness: 268.18107428493124 Weights: array([[ 0.32614771, -0.28483914,  0.34747939, -0.12279233, -0.50417765,
        -0.17541021],
       [ 0.41368913, -0.35156443, -0.02450417, -0.15905971, -0.13313408,
        -0.21988195],
       [ 0.3375578 ,  0.13976873, -0.1549671 , -0.07215002, -0.03344411,
         0.28552451],
       [-0.20081223,  0.22174393, -0.0393657 , -0.36042643,  0.49296365,
        -0.11969984],
       [ 0.14254286,  0.44495674, -0.30163494, -0.09005114,  0.05197439,
        -0.02631447],
       [-0.01706742, -0.56829957,  0.05676179,  0.3006291 , -0.47564181,
        -0.39705996]]) 

Gen: 518 Fitness: 268.19857600052774 Weights: array([[ 0.31614771, -0.29483914,  0.33747939, -0.13279233, -0.51417765,
        -0.18541021],
       [ 0.40368913, -0.36156443, -0.03450417, -0.16905971, -0.14313408,
        -0.22988195],
       [ 0.3275578 ,  0.12976873, -0.1649671 , -0.08215002, -0.04344411,
         0.27552451],
       [-0.19081223,  0.23174393, -0.0293657 , -0.35042643,  0.50296365,
        -0.10969984],
       [ 0.10254286,  0.40495674, -0.34163494, -0.13005114,  0.01197439,
        -0.06631447],
       [ 0.00293258, -0.54829957,  0.07676179,  0.3206291 , -0.45564181,
        -0.37705996]]) 

Gen: 587 Fitness: 269.65260922319277 Weights: array([[ 0.28614771, -0.32483914,  0.30747939, -0.16279233, -0.54417765,
        -0.21541021],
       [ 0.38368913, -0.38156443, -0.05450417, -0.18905971, -0.16313408,
        -0.24988195],
       [ 0.3175578 ,  0.11976873, -0.1749671 , -0.09215002, -0.05344411,
         0.26552451],
       [-0.20081223,  0.22174393, -0.0393657 , -0.36042643,  0.49296365,
        -0.11969984],
       [ 0.12254286,  0.42495674, -0.32163494, -0.11005114,  0.03197439,
        -0.04631447],
       [ 0.02293258, -0.52829957,  0.09676179,  0.3406291 , -0.43564181,
        -0.35705996]]) 

Gen: 638 Fitness: 270.1855626949543 Weights: array([[ 0.30614771, -0.30483914,  0.32747939, -0.14279233, -0.52417765,
        -0.19541021],
       [ 0.41368913, -0.35156443, -0.02450417, -0.15905971, -0.13313408,
        -0.21988195],
       [ 0.3275578 ,  0.12976873, -0.1649671 , -0.08215002, -0.04344411,
         0.27552451],
       [-0.20081223,  0.22174393, -0.0393657 , -0.36042643,  0.49296365,
        -0.11969984],
       [ 0.13254286,  0.43495674, -0.31163494, -0.10005114,  0.04197439,
        -0.03631447],
       [-0.00706742, -0.55829957,  0.06676179,  0.3106291 , -0.46564181,
        -0.38705996]]) 

