Gen: 0 Fitness: 148.72412438883325 Weights: array([[-0.30673174, -0.3734726 ,  0.26454849, -0.35974165,  0.00231921,
         0.21764434],
       [-0.47936259, -0.43773629, -0.37830441,  0.28218614, -0.0688943 ,
        -0.22382702],
       [-0.06904966, -0.03184645, -0.0951406 ,  0.49883478, -0.19057939,
         0.13223921],
       [ 0.34001192, -0.36912614,  0.47201474, -0.12109032, -0.07151483,
        -0.42827404],
       [ 0.0936748 ,  0.47519656, -0.21854523, -0.00270644,  0.11694166,
         0.20742361],
       [ 0.18565746, -0.13884555,  0.42255847, -0.44641786,  0.04305523,
         0.44040071]]) 

Gen: 21 Fitness: 201.19675362890652 Weights: array([[-0.15794389,  0.11650848,  0.13883544,  0.29901042, -0.3924291 ,
         0.2759924 ],
       [-0.1825855 , -0.30502711,  0.10973276,  0.20518857,  0.42126736,
         0.15210069],
       [ 0.20015338,  0.12701801,  0.01870441,  0.46028558, -0.34561371,
        -0.41011395],
       [ 0.14866579, -0.31211842, -0.08635793, -0.15556746,  0.29465796,
         0.27616603],
       [ 0.08759728, -0.25357738, -0.09996199,  0.28066998, -0.2692084 ,
        -0.2293218 ],
       [ 0.42663961, -0.0659607 ,  0.03986989,  0.04218828, -0.45115215,
        -0.32903289]]) 

Gen: 43 Fitness: 217.95891072962942 Weights: array([[-0.27413421, -0.17226834,  0.06401835,  0.17155857,  0.20862114,
         0.30239666],
       [ 0.21960566, -0.14289534, -0.13015426,  0.49953725, -0.18805767,
        -0.2920027 ],
       [ 0.18343154, -0.04903362, -0.19283754,  0.36255949, -0.47664457,
         0.12471045],
       [ 0.19673794,  0.34276372,  0.03975261,  0.33708215,  0.0052505 ,
         0.21070699],
       [ 0.06759728, -0.27357738, -0.11996199,  0.26066998, -0.2892084 ,
        -0.2493218 ],
       [-0.00919604,  0.23778911, -0.07386609, -0.11121525,  0.46046016,
         0.37888272]]) 

Gen: 54 Fitness: 219.3861893989801 Weights: array([[-0.28413421, -0.18226834,  0.05401835,  0.16155857,  0.19862114,
         0.29239666],
       [ 0.20960566, -0.15289534, -0.14015426,  0.48953725, -0.19805767,
        -0.3020027 ],
       [ 0.19343154, -0.03903362, -0.18283754,  0.37255949, -0.46664457,
         0.13471045],
       [ 0.19673794,  0.34276372,  0.03975261,  0.33708215,  0.0052505 ,
         0.21070699],
       [ 0.06759728, -0.27357738, -0.11996199,  0.26066998, -0.2892084 ,
        -0.2493218 ],
       [-0.00919604,  0.23778911, -0.07386609, -0.11121525,  0.46046016,
         0.37888272]]) 

Gen: 59 Fitness: 227.62849166511845 Weights: array([[ 0.02678031, -0.34346245,  0.32048689,  0.07327151,  0.33498673,
        -0.49023655],
       [ 0.23960566, -0.12289534, -0.11015426,  0.51953725, -0.16805767,
        -0.2720027 ],
       [ 0.18015338,  0.10701801, -0.00129559,  0.44028558, -0.36561371,
        -0.43011395],
       [ 0.37527242,  0.18452839,  0.32279064, -0.13256206,  0.36785454,
         0.43922871],
       [ 0.45111152, -0.3867148 , -0.26978662,  0.1341067 , -0.18033267,
        -0.19912031],
       [ 0.02080396,  0.26778911, -0.04386609, -0.08121525,  0.49046016,
         0.40888272]]) 

Gen: 60 Fitness: 240.61436040241261 Weights: array([[ 0.1026075 , -0.10995121, -0.14546466,  0.08844932,  0.4184636 ,
        -0.38665726],
       [-0.23441039,  0.29379468, -0.14739533, -0.06154701, -0.46242241,
        -0.20409867],
       [ 0.35737359, -0.33495631,  0.21395291,  0.37612318, -0.21729336,
         0.27543817],
       [ 0.36527242,  0.17452839,  0.31279064, -0.14256206,  0.35785454,
         0.42922871],
       [ 0.46111152, -0.3767148 , -0.25978662,  0.1441067 , -0.17033267,
        -0.18912031],
       [-0.03919604,  0.20778911, -0.10386609, -0.14121525,  0.43046016,
         0.34888272]]) 

Gen: 67 Fitness: 251.24369313184602 Weights: array([[ 0.11844842, -0.4818046 ,  0.12426818,  0.01379399,  0.29754547,
         0.08571868],
       [ 0.24960566, -0.11289534, -0.10015426,  0.52953725, -0.15805767,
        -0.2620027 ],
       [ 0.17343154, -0.05903362, -0.20283754,  0.35255949, -0.48664457,
         0.11471045],
       [ 0.20673794,  0.35276372,  0.04975261,  0.34708215,  0.0152505 ,
         0.22070699],
       [ 0.49111152, -0.3467148 , -0.22978662,  0.1741067 , -0.14033267,
        -0.15912031],
       [ 0.00080396,  0.24778911, -0.06386609, -0.10121525,  0.47046016,
         0.38888272]]) 

Gen: 72 Fitness: 269.4524904918942 Weights: array([[-0.00321969, -0.37346245,  0.29048689,  0.04327151,  0.30498673,
        -0.52023655],
       [ 0.22960566, -0.13289534, -0.12015426,  0.50953725, -0.17805767,
        -0.2820027 ],
       [ 0.17343154, -0.05903362, -0.20283754,  0.35255949, -0.48664457,
         0.11471045],
       [ 0.19673794,  0.34276372,  0.03975261,  0.33708215,  0.0052505 ,
         0.21070699],
       [ 0.06759728, -0.27357738, -0.11996199,  0.26066998, -0.2892084 ,
        -0.2493218 ],
       [-0.00919604,  0.23778911, -0.07386609, -0.11121525,  0.46046016,
         0.37888272]]) 

Gen: 81 Fitness: 302.7953226491444 Weights: array([[ 0.02678031, -0.34346245,  0.32048689,  0.07327151,  0.33498673,
        -0.49023655],
       [ 0.23960566, -0.12289534, -0.11015426,  0.51953725, -0.16805767,
        -0.2720027 ],
       [ 0.17343154, -0.05903362, -0.20283754,  0.35255949, -0.48664457,
         0.11471045],
       [ 0.19673794,  0.34276372,  0.03975261,  0.33708215,  0.0052505 ,
         0.21070699],
       [ 0.06759728, -0.27357738, -0.11996199,  0.26066998, -0.2892084 ,
        -0.2493218 ],
       [ 0.00080396,  0.24778911, -0.06386609, -0.10121525,  0.47046016,
         0.38888272]]) 

Gen: 122 Fitness: 305.1140247661092 Weights: array([[ 0.11844842, -0.4818046 ,  0.12426818,  0.01379399,  0.29754547,
         0.08571868],
       [-0.23441039,  0.29379468, -0.14739533, -0.06154701, -0.46242241,
        -0.20409867],
       [ 0.32737359, -0.36495631,  0.18395291,  0.34612318, -0.24729336,
         0.24543817],
       [ 0.40527242,  0.21452839,  0.35279064, -0.10256206,  0.39785454,
         0.46922871],
       [ 0.42111152, -0.4167148 , -0.29978662,  0.1041067 , -0.21033267,
        -0.22912031],
       [-0.01919604,  0.22778911, -0.08386609, -0.12121525,  0.45046016,
         0.36888272]]) 

Gen: 137 Fitness: 324.97948041818876 Weights: array([[ 0.20844842, -0.3918046 ,  0.21426818,  0.10379399,  0.38754547,
         0.17571868],
       [-0.25441039,  0.27379468, -0.16739533, -0.08154701, -0.48242241,
        -0.22409867],
       [ 0.35737359, -0.33495631,  0.21395291,  0.37612318, -0.21729336,
         0.27543817],
       [ 0.38527242,  0.19452839,  0.33279064, -0.12256206,  0.37785454,
         0.44922871],
       [ 0.46111152, -0.3767148 , -0.25978662,  0.1441067 , -0.17033267,
        -0.18912031],
       [-0.04919604,  0.19778911, -0.11386609, -0.15121525,  0.42046016,
         0.33888272]]) 

Gen: 205 Fitness: 393.2296957868051 Weights: array([[ 0.17844842, -0.4218046 ,  0.18426818,  0.07379399,  0.35754547,
         0.14571868],
       [-0.26441039,  0.26379468, -0.17739533, -0.09154701, -0.49242241,
        -0.23409867],
       [ 0.30737359, -0.38495631,  0.16395291,  0.32612318, -0.26729336,
         0.22543817],
       [ 0.39527242,  0.20452839,  0.34279064, -0.11256206,  0.38785454,
         0.45922871],
       [ 0.47111152, -0.3667148 , -0.24978662,  0.1541067 , -0.16033267,
        -0.17912031],
       [ 0.01080396,  0.25778911, -0.05386609, -0.09121525,  0.48046016,
         0.39888272]]) 

Gen: 455 Fitness: 401.4013508078708 Weights: array([[ 0.26844842, -0.3318046 ,  0.27426818,  0.16379399,  0.44754547,
         0.23571868],
       [-0.18441039,  0.34379468, -0.09739533, -0.01154701, -0.41242241,
        -0.15409867],
       [ 0.32737359, -0.36495631,  0.18395291,  0.34612318, -0.24729336,
         0.24543817],
       [ 0.45527242,  0.26452839,  0.40279064, -0.05256206,  0.44785454,
         0.51922871],
       [ 0.53111152, -0.3067148 , -0.18978662,  0.2141067 , -0.10033267,
        -0.11912031],
       [-0.18919604,  0.05778911, -0.25386609, -0.29121525,  0.28046016,
         0.19888272]]) 

