Gen: 0 Fitness: 149.0214982661056 Weights: array([[ 0.17922898,  0.24309711, -0.0363365 , -0.3359035 , -0.42062125,
        -0.32604995],
       [-0.03633496, -0.33378508, -0.15688152,  0.05024698, -0.23039398,
        -0.18448475],
       [ 0.42357219, -0.3171247 , -0.41104027, -0.36128286, -0.20553493,
         0.3789171 ],
       [-0.3475228 ,  0.09556634, -0.4275596 , -0.42169202, -0.2991846 ,
         0.24830699],
       [-0.49370887,  0.47460775,  0.35033733,  0.18952069,  0.44210948,
        -0.49388751],
       [ 0.38885865,  0.47604126,  0.26174192, -0.26887614,  0.27896393,
        -0.06099416]]) 

Gen: 17 Fitness: 167.4603135748685 Weights: array([[ 0.44614771, -0.16483914,  0.46747939, -0.00279233, -0.38417765,
        -0.05541021],
       [ 0.44368913, -0.32156443,  0.00549583, -0.12905971, -0.10313408,
        -0.18988195],
       [ 0.3675578 ,  0.16976873, -0.1249671 , -0.04215002, -0.00344411,
         0.31552451],
       [-0.27081223,  0.15174393, -0.1093657 , -0.43042643,  0.42296365,
        -0.18969984],
       [ 0.17254286,  0.47495674, -0.27163494, -0.06005114,  0.08197439,
         0.00368553],
       [ 0.06293258, -0.48829957,  0.13676179,  0.3806291 , -0.39564181,
        -0.31705996]]) 

Gen: 29 Fitness: 211.20083990770618 Weights: array([[ 0.08485055, -0.00762967,  0.26660015, -0.26194178, -0.13925513,
         0.317402  ],
       [-0.38108906, -0.18900254,  0.43015354, -0.18555678, -0.18758791,
        -0.31965728],
       [ 0.21560128, -0.50308265,  0.00387931,  0.15511404, -0.2248294 ,
        -0.13867018],
       [ 0.47093854,  0.49994391, -0.49026918, -0.48616507, -0.28017702,
        -0.26078132],
       [ 0.46708888, -0.28271808,  0.09872103, -0.22549611,  0.18195005,
        -0.01783242],
       [ 0.14011692,  0.13883503, -0.36366551,  0.44641234,  0.09557176,
         0.19902388]]) 

Gen: 30 Fitness: 238.33042375051878 Weights: array([[ 0.45614771, -0.15483914,  0.47747939,  0.00720767, -0.37417765,
        -0.04541021],
       [ 0.43368913, -0.33156443, -0.00450417, -0.13905971, -0.11313408,
        -0.19988195],
       [ 0.3775578 ,  0.17976873, -0.1149671 , -0.03215002,  0.00655589,
         0.32552451],
       [-0.27081223,  0.15174393, -0.1093657 , -0.43042643,  0.42296365,
        -0.18969984],
       [ 0.17254286,  0.47495674, -0.27163494, -0.06005114,  0.08197439,
         0.00368553],
       [ 0.07293258, -0.47829957,  0.14676179,  0.3906291 , -0.38564181,
        -0.30705996]]) 

Gen: 35 Fitness: 240.92898277102626 Weights: array([[ 0.45614771, -0.15483914,  0.47747939,  0.00720767, -0.37417765,
        -0.04541021],
       [ 0.43368913, -0.33156443, -0.00450417, -0.13905971, -0.11313408,
        -0.19988195],
       [ 0.3775578 ,  0.17976873, -0.1149671 , -0.03215002,  0.00655589,
         0.32552451],
       [-0.28081223,  0.14174393, -0.1193657 , -0.44042643,  0.41296365,
        -0.19969984],
       [ 0.16254286,  0.46495674, -0.28163494, -0.07005114,  0.07197439,
        -0.00631447],
       [ 0.08293258, -0.46829957,  0.15676179,  0.4006291 , -0.37564181,
        -0.29705996]]) 

Gen: 68 Fitness: 245.94533299611658 Weights: array([[ 0.41614771, -0.19483914,  0.43747939, -0.03279233, -0.41417765,
        -0.08541021],
       [ 0.40368913, -0.36156443, -0.03450417, -0.16905971, -0.14313408,
        -0.22988195],
       [-0.31856166, -0.06076062,  0.44960837,  0.41916139, -0.36196277,
         0.09791744],
       [ 0.42131417, -0.2216911 ,  0.03488974,  0.05824735, -0.15461895,
         0.35403536],
       [ 0.31524127,  0.10131105,  0.20079436,  0.54246722,  0.04039812,
         0.15324988],
       [ 0.09293258, -0.45829957,  0.16676179,  0.4106291 , -0.36564181,
        -0.28705996]]) 

Gen: 113 Fitness: 246.5407496960985 Weights: array([[ 0.43614771, -0.17483914,  0.45747939, -0.01279233, -0.39417765,
        -0.06541021],
       [ 0.43368913, -0.33156443, -0.00450417, -0.13905971, -0.11313408,
        -0.19988195],
       [ 0.3775578 ,  0.17976873, -0.1149671 , -0.03215002,  0.00655589,
         0.32552451],
       [-0.27081223,  0.15174393, -0.1093657 , -0.43042643,  0.42296365,
        -0.18969984],
       [ 0.15254286,  0.45495674, -0.29163494, -0.08005114,  0.06197439,
        -0.01631447],
       [ 0.04293258, -0.50829957,  0.11676179,  0.3606291 , -0.41564181,
        -0.33705996]]) 

Gen: 114 Fitness: 247.09646690593354 Weights: array([[ 0.42614771, -0.18483914,  0.44747939, -0.02279233, -0.40417765,
        -0.07541021],
       [ 0.42368913, -0.34156443, -0.01450417, -0.14905971, -0.12313408,
        -0.20988195],
       [ 0.3675578 ,  0.16976873, -0.1249671 , -0.04215002, -0.00344411,
         0.31552451],
       [-0.27081223,  0.15174393, -0.1093657 , -0.43042643,  0.42296365,
        -0.18969984],
       [ 0.14254286,  0.44495674, -0.30163494, -0.09005114,  0.05197439,
        -0.02631447],
       [ 0.07293258, -0.47829957,  0.14676179,  0.3906291 , -0.38564181,
        -0.30705996]]) 

Gen: 117 Fitness: 248.72627180868326 Weights: array([[ 0.40614771, -0.20483914,  0.42747939, -0.04279233, -0.42417765,
        -0.09541021],
       [ 0.40368913, -0.36156443, -0.03450417, -0.16905971, -0.14313408,
        -0.22988195],
       [ 0.3675578 ,  0.16976873, -0.1249671 , -0.04215002, -0.00344411,
         0.31552451],
       [-0.26081223,  0.16174393, -0.0993657 , -0.42042643,  0.43296365,
        -0.17969984],
       [ 0.13254286,  0.43495674, -0.31163494, -0.10005114,  0.04197439,
        -0.03631447],
       [ 0.06293258, -0.48829957,  0.13676179,  0.3806291 , -0.39564181,
        -0.31705996]]) 

Gen: 123 Fitness: 250.40106201707982 Weights: array([[ 0.41614771, -0.19483914,  0.43747939, -0.03279233, -0.41417765,
        -0.08541021],
       [ 0.44368913, -0.32156443,  0.00549583, -0.12905971, -0.10313408,
        -0.18988195],
       [ 0.3775578 ,  0.17976873, -0.1149671 , -0.03215002,  0.00655589,
         0.32552451],
       [-0.26081223,  0.16174393, -0.0993657 , -0.42042643,  0.43296365,
        -0.17969984],
       [ 0.12254286,  0.42495674, -0.32163494, -0.11005114,  0.03197439,
        -0.04631447],
       [ 0.03293258, -0.51829957,  0.10676179,  0.3506291 , -0.42564181,
        -0.34705996]]) 

Gen: 136 Fitness: 251.185790241465 Weights: array([[ 0.38614771, -0.22483914,  0.40747939, -0.06279233, -0.44417765,
        -0.11541021],
       [ 0.40368913, -0.36156443, -0.03450417, -0.16905971, -0.14313408,
        -0.22988195],
       [ 0.3575578 ,  0.15976873, -0.1349671 , -0.05215002, -0.01344411,
         0.30552451],
       [-0.25081223,  0.17174393, -0.0893657 , -0.41042643,  0.44296365,
        -0.16969984],
       [ 0.13254286,  0.43495674, -0.31163494, -0.10005114,  0.04197439,
        -0.03631447],
       [ 0.05293258, -0.49829957,  0.12676179,  0.3706291 , -0.40564181,
        -0.32705996]]) 

Gen: 142 Fitness: 251.98277613622594 Weights: array([[ 0.40614771, -0.20483914,  0.42747939, -0.04279233, -0.42417765,
        -0.09541021],
       [ 0.42368913, -0.34156443, -0.01450417, -0.14905971, -0.12313408,
        -0.20988195],
       [ 0.3575578 ,  0.15976873, -0.1349671 , -0.05215002, -0.01344411,
         0.30552451],
       [-0.26081223,  0.16174393, -0.0993657 , -0.42042643,  0.43296365,
        -0.17969984],
       [ 0.16254286,  0.46495674, -0.28163494, -0.07005114,  0.07197439,
        -0.00631447],
       [ 0.05293258, -0.49829957,  0.12676179,  0.3706291 , -0.40564181,
        -0.32705996]]) 

Gen: 153 Fitness: 252.2488167315734 Weights: array([[ 0.41614771, -0.19483914,  0.43747939, -0.03279233, -0.41417765,
        -0.08541021],
       [ 0.44368913, -0.32156443,  0.00549583, -0.12905971, -0.10313408,
        -0.18988195],
       [ 0.3675578 ,  0.16976873, -0.1249671 , -0.04215002, -0.00344411,
         0.31552451],
       [-0.26081223,  0.16174393, -0.0993657 , -0.42042643,  0.43296365,
        -0.17969984],
       [ 0.14254286,  0.44495674, -0.30163494, -0.09005114,  0.05197439,
        -0.02631447],
       [ 0.03293258, -0.51829957,  0.10676179,  0.3506291 , -0.42564181,
        -0.34705996]]) 

